Environment Canada
Monthly Values for December - 1974

"Legend"
"Stn_Name","Station Name"
"Lat","Latitude (North + , degrees)"
"Long","Longitude (West - , degrees)"
"Prov","Province"
"Tm","Mean Temperature (°C)"
"DwTm","Days without Valid Mean Temperature"
"D","Mean Temperature difference from Normal (1981-2010) (°C)"
"Tx","Highest Monthly Maximum Temperature (°C)"
"DwTx","Days without Valid Maximum Temperature"
"Tn","Lowest Monthly Minimum Temperature (°C)"
"DwTn","Days without Valid Minimum Temperature"
"S","Snowfall (cm)"
"DwS","Days without Valid Snowfall"
"S%N","Percent of Normal (1981-2010) Snowfall"
"P","Total Precipitation (mm)"
"DwP","Days without Valid Precipitation"
"P%N","Percent of Normal (1981-2010) Precipitation"
"S_G","Snow on the ground at the end of the month (cm)"
"Pd","Number of days with Precipitation 1.0 mm or more"
"BS","Bright Sunshine (hours)"
"DwBS","Days without Valid Bright Sunshine"
"BS%","Percent of Normal (1981-2010) Bright Sunshine"
"HDD","Degree Days below 18 °C"
"CDD","Degree Days above 18 °C"
"Stn_No","Climate station identifier (first 3 digits indicate drainage basin, last 4 characters are for sorting alphabetically)."
"NA","Not Available"

"Stn_Name","Lat","Long","Prov","Tm","DwTm","D","Tx","DwTx","Tn","DwTn","S","DwS","S%N","P","DwP","P%N","S_G","Pd","BS","DwBS","BS%","HDD","CDD","Stn_No"
"ALBERT HEAD","48.400","-123.483","BC","",,NA,"",,"",,"0.0","0",NA,"209.3","0",NA,"","22","","",NA,"","","1010235"
"BAMBERTON OCEAN CEMENT","48.583","-123.517","BC","",,NA,"",,"",,"0.0","0",NA,"197.2","0",NA,"","22","","",NA,"","","1010595"
"BRENTWOOD CLARKE ROAD","48.567","-123.450","BC","",,NA,"",,"",,"0.0","0",NA,"174.0","0",NA,"","22","","",NA,"","","1010961"
"CENTRAL SAANICH VEYANESS","48.583","-123.417","BC","",,NA,"",,"",,"0.0","0",NA,"153.1","0",NA,"","21","","",NA,"","","1011467"
"CENTRAL SAANICH ISL VIEW","48.571","-123.373","BC","",,NA,"",,"",,"0.0","0","0.0","148.1","0","111.0","","24","","",NA,"","","10114F6"
"CHEMAINUS","48.935","-123.742","BC","",,NA,"",,"",,"0.0","0",NA,"251.7","0",NA,"","25","","",NA,"","","1011500"
"COBBLE HILL DELOUME ROAD","48.650","-123.567","BC","",,NA,"",,"",,"0.0","0",NA,"233.7","0",NA,"","24","","",NA,"","","1011745"
"CORDOVA BAY SOUTH","48.517","-123.367","BC","6.0","0",NA,"11.1","0","-1.1","0","0.0","0",NA,"163.1","0",NA,"","23","","",NA,"372.5","0.0","1011922"
"COWICHAN BAY CHERRY POINT","48.711","-123.557","BC","4.7","0",NA,"11.1","0","-3.3","0","0.0","0",NA,"180.3","0",NA,"","23","39.0","0",NA,"410.8","0.0","1012010"
"COWICHAN LAKE FORESTRY","48.824","-124.133","BC","4.1","0","1.2","12.8","0","-5.6","0","1.3","0","7.0","356.6","0","105.0","","23","19.2","0","49.0","432.3","0.0","1012040"
"COWICHAN LAKE VILLAGE","48.829","-124.052","BC","4.4","0","1.9","12.8","0","-4.4","0","3.8","0","26.0","417.7","0","141.0","","23","","",NA,"420.3","0.0","1012055"
"DUNCAN BCHPA VIT","48.833","-123.717","BC","4.7","0",NA,"11.7","0","-5.0","0","0.0","0",NA,"236.3","0",NA,"","25","","",NA,"411.8","0.0","1012562"
"DUNCAN FORESTRY","48.767","-123.683","BC","5.0","0",NA,"12.2","0","-5.0","0","0.0","0",NA,"204.7","0",NA,"","24","","",NA,"404.1","0.0","1012570"
"EAST SOOKE ANDERSON COVE","48.350","-123.633","BC","5.3","0",NA,"12.2","0","-3.9","0","0.0","0",NA,"218.1","0",NA,"","24","","",NA,"394.0","0.0","1012628"
"ELK LAKE","48.517","-123.383","BC","5.3","0",NA,"10.0","0","-2.2","0","0.0","0",NA,"182.2","0",NA,"","23","","",NA,"394.1","0.0","1012655"
"ESQUIMALT HARBOUR","48.432","-123.439","BC","",,NA,"",,"",,"0.0","0",NA,"180.7","0",NA,"","21","","",NA,"","","1012710"
"GALIANO ISLAND GCC","48.900","-123.350","BC","",,NA,"",,"",,"0.0","0",NA,"159.1","0",NA,"","20","","",NA,"","","1013045"
"GANGES MANSELL RD","48.872","-123.497","BC","",,NA,"",,"",,"0.0","0",NA,"127.7","6",NA,"","17","","",NA,"","","1013051"
"JAMES ISLAND","48.600","-123.350","BC","5.8","0",NA,"10.0","0","-0.6","0","0.0","0",NA,"127.3","0",NA,"","21","","",NA,"379.2","0.0","1013720"
"MAYNE ISLAND","48.845","-123.320","BC","",,"","",,"",,"0.0","0","0.0","141.8","0","114.0","","20","","",NA,"","","1014931"
"METCHOSIN","48.374","-123.561","BC","",,NA,"",,"",,"0.0","0","0.0","213.6","0","146.0","","22","","",NA,"","","1015105"
"METCHOSIN HAPPY VALLEY","48.417","-123.533","BC","",,NA,"",,"",,"0.0","0","0.0","217.6","0","137.0","","24","","",NA,"","","1015107"
"MILL BAY KILMALU","48.650","-123.550","BC","",,NA,"",,"",,"0.0","0",NA,"197.5","0",NA,"","24","","",NA,"","","1015134"
"MUIR CREEK 1W","48.383","-123.883","BC","",,NA,"",,"",,"0.0","0",NA,"279.5","0",NA,"","24","","",NA,"","","1015242"
"NORTH PENDER ISLAND","48.813","-123.317","BC","6.2","0",NA,"11.7","0","-0.6","0","0.0","0",NA,"140.3","0",NA,"","23","","",NA,"366.2","0.0","1015638"
"PIERS ISLAND","48.700","-123.417","BC","",,NA,"",,"",,"0.0","0",NA,"150.9","0",NA,"","24","","",NA,"","","1016169"
"PORT RENFREW","48.591","-124.326","BC","5.9","0","2.1","12.2","0","-1.7","0","0.0","0","0.0","779.0","0","162.0","","27","","",NA,"375.5","0.0","1016335"
"SAANICHTON CDA","48.698","-123.594","BC","5.6","0","1.1","11.7","0","-2.2","0","0.0","0","0.0","157.8","0","112.0","0.0","23","43.6","0","91.0","384.8","0.0","1016940"
"SAANICH CAMOSUN COLLEGE","48.500","-123.417","BC","5.2","0",NA,"11.7","0","-3.9","0","0.0","0",NA,"190.8","0",NA,"","23","","",NA,"396.5","0.0","1016941"
"SALTSPRING ISLAND","48.850","-123.500","BC","5.4","0",NA,"11.1","0","-2.2","0","0.0","0",NA,"187.8","0",NA,"","23","","",NA,"390.4","0.0","1016990"
"SAANICH DOM ASTRO OBS","48.517","-123.417","BC","5.5","0",NA,"11.1","0","-0.6","0","0.0","0",NA,"178.9","0",NA,"","22","","",NA,"389.0","0.0","10169DK"
"SALTSPRING VESUVIUS","48.883","-123.567","BC","6.4","0",NA,"12.2","0","-1.7","0","0.0","0",NA,"171.9","0",NA,"","24","","",NA,"359.6","0.0","1017000"
"SHAWNIGAN LAKE","48.647","-123.627","BC","4.9","0","1.8","12.2","0","-3.3","0","0.0","0","0.0","250.4","0","129.0","","24","","",NA,"406.7","0.0","1017230"
"SHAWNIGAN LAKE NORTH","48.650","-123.633","BC","",,NA,"",,"",,"0.0","0",NA,"223.1","0",NA,"","24","","",NA,"","","1017233"
"SOOKE","48.367","-123.733","BC","",,NA,"",,"",,"0.0","0",NA,"233.4","0",NA,"","23","","",NA,"","","1017556"
"SOOKE LAKE NORTH","48.576","-123.640","BC","",,NA,"",,"",,"1.3","0","8.0","326.9","0","141.0","","21","","",NA,"","","1017563"
"SOOKE OTTER POINT","48.367","-123.817","BC","6.4","0",NA,"11.1","0","-1.1","0","0.0","0",NA,"247.0","0",NA,"","26","","",NA,"360.3","0.0","1017570"
"SOUTH PENDER ISLAND 2","48.750","-123.217","BC","5.6","0",NA,"11.1","0","-2.8","0","0.0","0",NA,"116.4","0",NA,"","23","","",NA,"385.0","0.0","1017610"
"VICTORIA ARDMORE","48.633","-123.467","BC","",,NA,"",,"",,"0.0","0",NA,"194.1","0",NA,"","22","","",NA,"","","1018592"
"VICTORIA GONZALES HTS","48.417","-123.317","BC","6.8","0",NA,"11.7","0","0.0","0","0.0","0",NA,"114.4","0",NA,"0.0","20","61.6","0",NA,"348.4","0.0","1018610"
"VICTORIA GORDON HEAD","48.467","-123.300","BC","",,NA,"",,"",,"0.0","0",NA,"125.4","0",NA,"","21","","",NA,"","","1018614"
"VICTORIA HIGHLAND","48.509","-123.508","BC","",,"","",,"",,"1.3","0","12.0","240.3","0","133.0","","21","","",NA,"","","1018616"
"VICTORIA INT'L A","48.647","-123.426","BC","5.4","0","1.4","12.8","0","-3.3","0","0.0","0","0.0","163.7","0","115.0","0.0","19","53.2","0","90.0","389.1","0.0","1018620"
"VICTORIA MARINE","48.367","-123.750","BC","6.3","0",NA,"12.2","0","-1.7","0","1.5","0",NA,"242.1","0",NA,"0.0","24","","",NA,"363.3","0.0","1018642"
"VICTORIA TILLICUM","48.450","-123.392","BC","6.3","0",NA,"12.2","0","-4.4","0","0.0","0",NA,"162.4","0",NA,"","21","","",NA,"361.3","0.0","1018660"
"WILLIAM HEAD","48.340","-123.532","BC","6.5","0","1.1","11.1","0","-1.1","0","0.0","0","0.0","174.8","0","133.0","","22","","",NA,"355.0","0.0","1018935"
"VICTORIA U VIC","48.467","-123.333","BC","",,NA,"",,"",,"0.0","0",NA,"128.3","0",NA,"","22","","",NA,"","","1018FF6"
"VICTORIA WILLOWS PARK","48.433","-123.300","BC","",,NA,"",,"",,"0.0","0",NA,"137.5","0",NA,"","21","","",NA,"","","101HF66"
"VICTORIA PHYLLIS STREET","48.455","-123.267","BC","7.1","1",NA,"11.1","1","1.1","0","0.0","0",NA,"126.1","0",NA,"","21","","",NA,"328.3","0.0","101HFEE"
"VICTORIA PRINCESS AVE","48.433","-123.350","BC","",,NA,"",,"",,"0.0","0",NA,"137.7","0",NA,"","13","","",NA,"","","101Q655"
"VICTORIA PROSPECT LAKE","48.517","-123.433","BC","",,NA,"",,"",,"0.0","0",NA,"190.7","0",NA,"","24","","",NA,"","","101Q6NN"
"ALERT BAY","50.583","-126.933","BC","5.2","0",NA,"10.6","0","0.0","0","7.6","0",NA,"292.7","0",NA,"0.0","27","","",NA,"396.1","0.0","1020270"
"BALLENAS ISLAND","49.350","-124.160","BC","",,NA,"",,"",,"0.0","0",NA,"100.3","0",NA,"","16","","",NA,"","","1020590"
"BLACK CREEK","49.846","-125.133","BC","",,"","",,"",,"0.0","0","0.0","270.7","0","103.0","","19","","",NA,"","","1020880"
"BLIND CHANNEL","50.417","-125.500","BC","",,NA,"",,"",,"3.0","0",NA,"418.4","0",NA,"","27","","",NA,"","","1020885"
"CAMERON LAKE","49.283","-124.583","BC","",,NA,"",,"",,"15.0","0",NA,"406.9","0",NA,"","24","","",NA,"","","1021230"
"CAMPBELL RIVER A","49.951","-125.271","BC","4.0","1","2.0","11.7","0","-5.0","1","2.5","0","11.0","255.4","0","113.0","","22","","",NA,"418.7","0.0","1021261"
"CAMPBELL RIVER BCFS","50.067","-125.317","BC","3.7","0",NA,"13.3","0","-3.3","0","6.4","0",NA,"337.2","0",NA,"","23","","",NA,"442.8","0.0","1021262"
"CAMPBELL RIVER BCHPA GEN","50.050","-125.317","BC","4.5","4",NA,"10.0","3","-2.8","3","1.8","0",NA,"364.4","0",NA,"","23","","",NA,"364.9","0.0","1021263"
"CHATHAM POINT","50.333","-125.433","BC","5.0","0","1.2","10.0","0","0.0","0","8.2","0","60.0","421.4","0","146.0","","28","","",NA,"402.0","0.0","1021480"
"COAL HARBOUR RUPERT IN","50.600","-127.500","BC","4.7","0",NA,"11.1","0","-1.1","0","5.4","0",NA,"367.3","0",NA,"","30","","",NA,"411.2","0.0","1021737"
"COMOX A","49.717","-124.900","BC","5.2","0","1.7","10.6","0","-2.8","0","0.0","0","0.0","223.6","0","119.0","0.0","19","","",NA,"397.6","0.0","1021830"
"CORTES ISLAND","50.083","-125.033","BC","5.2","0",NA,"10.6","0","-1.1","0","0.0","0",NA,"258.3","0",NA,"","23","","",NA,"395.4","0.0","1021950"
"CORTES ISL SUTIL POINT","50.017","-124.983","BC","",,NA,"",,"",,"0.0","0",NA,"205.2","0",NA,"","22","","",NA,"","","1021958"
"COURTENAY GRANTHAM","49.760","-124.997","BC","",,NA,"",,"",,"0.0","0",NA,"283.3","0",NA,"","22","","",NA,"","","1021988"
"CUMBERLAND","49.617","-125.033","BC","3.4","0",NA,"10.0","0","-4.4","0","4.6","0",NA,"293.2","0",NA,"","22","","",NA,"452.4","0.0","1022250"
"DUNCAN BAY","50.067","-125.283","BC","",,NA,"",,"",,"0.0","0",NA,"353.3","0",NA,"","21","","",NA,"","","1022560"
"GABRIOLA ISLAND","49.154","-123.734","BC","",,"","",,"",,"0.0","0","0.0","146.5","0","104.0","","18","","",NA,"","","1023042"
"LITTLE QUALICUM R ESTY","49.367","-124.483","BC","5.1","0",NA,"12.2","0","-2.8","0","0.0","0",NA,"160.5","0",NA,"","20","","",NA,"401.2","0.0","1024639"
"MUD BAY","49.471","-124.794","BC","4.5","0","1.4","11.7","0","-3.3","0","0.0","0","0.0","314.1","0","115.0","","22","","",NA,"419.5","0.0","1025240"
"NANAIMO A","49.052","-123.870","BC","4.5","0","1.4","12.8","0","-5.6","0","0.0","0","0.0","197.3","0","107.0","0.0","22","54.7","0","108.0","418.3","0.0","1025370"
"NANAIMO CHUB","49.167","-123.933","BC","5.3","0",NA,"11.7","0","-2.8","0","0.0","0",NA,"148.6","0",NA,"","19","","",NA,"393.1","0.0","10253P0"
"OYSTER RIVER UBC","49.883","-125.133","BC","4.9","1","1.8","10.6","0","-3.3","1","0.0","0","0.0","241.7","0","108.0","","21","","",NA,"391.8","0.0","1025915"
"NANAIMO DEPARTURE BAY","49.217","-123.950","BC","5.8","0",NA,"12.2","0","-2.2","0","0.0","0",NA,"163.7","0",NA,"","20","","",NA,"377.8","0.0","1025C70"
"PORT HARDY A","50.680","-127.366","BC","5.1","0","1.4","10.0","0","-1.1","0","9.2","0","85.0","344.0","0","137.0","0.0","29","24.2","0","52.0","401.0","0.0","1026270"
"PORT HARDY BEAVER HR","50.717","-127.433","BC","",,NA,"",,"",,"0.0","0",NA,"160.3","15",NA,"","15","","",NA,"","","1026274"
"PORT MCNEILL","50.583","-127.083","BC","4.4","0",NA,"10.6","0","-2.8","0","0.0","0",NA,"293.9","0",NA,"","29","","",NA,"422.8","0.0","1026323"
"QUALICUM R FISH RESEARCH","49.394","-124.618","BC","5.0","0","1.5","11.1","0","-2.8","0","0.0","0","0.0","224.6","0","118.0","","21","","",NA,"403.8","0.0","1026565"
"SAYWARD 2","50.325","-125.930","BC","3.8","0",NA,"10.6","0","-3.3","0","1.3","0",NA,"413.9","0",NA,"","23","","",NA,"441.1","0.0","1027114"
"SURGE NARROWS READ IS","50.217","-125.100","BC","",,NA,"",,"",,"5.1","0",NA,"325.7","0",NA,"","24","","",NA,"","","1027870"
"ALBERNI LUPSI CUPSI","49.250","-124.817","BC","6.4","20",NA,"11.7","20","1.7","20","0.0","20",NA,"129.8","20",NA,"","9","8.2","7.91666666666666666666666666666666666667",NA,"127.1","0.0","1030210"
"ALBERNI ROBERTSON CREEK","49.337","-124.981","BC","2.8","0","1.0","10.6","0","-6.1","0","5.6","0","26.0","395.5","0","115.0","","24","","",NA,"471.4","0.0","1030230"
"AMPHITRITE POINT","48.917","-125.533","BC","6.8","0",NA,"11.7","0","-1.1","0","0.0","0",NA,"584.2","0",NA,"","27","","",NA,"348.7","0.0","1030425"
"BAMFIELD EAST","48.833","-125.117","BC","6.3","0","1.7","11.7","0","-3.3","0","0.0","0","0.0","528.9","0","138.0","","28","","",NA,"362.9","0.0","1030605"
"BULL HARBOUR","50.917","-127.950","BC","5.7","0",NA,"11.1","0","-0.6","0","8.4","0",NA,"384.3","0",NA,"0.0","29","","",NA,"381.9","0.0","1031110"
"CAPE SCOTT","50.782","-128.427","BC","6.3","0","0.7","10.6","0","0.6","0","1.8","0","38.0","499.0","0","151.0","0.0","28","","",NA,"361.2","0.0","1031353"
"CARMANAH POINT","48.612","-124.751","BC","",,NA,"",,"",,"0.0","0","0.0","550.6","0","143.0","","24","","",NA,"","","1031402"
"CARNATION CREEK CDF","48.900","-125.000","BC","6.0","0",NA,"13.9","0","-1.7","0","0.0","0",NA,"537.2","0",NA,"","25","","",NA,"373.3","0.0","1031413"
"ESTEVAN POINT","49.384","-126.551","BC","6.8","0","1.2","12.2","0","-0.6","0","0.0","0","0.0","548.0","0","128.0","0.0","29","30.5","0","53.0","346.2","0.0","1032730"
"HOLBERG","50.650","-128.000","BC","2.3","0",NA,"8.9","0","-4.4","0","25.8","0",NA,"531.4","0",NA,"","27","","",NA,"486.2","0.0","1033480"
"HOLBERG FIRE DEPT","50.650","-127.983","BC","5.9","0",NA,"11.7","0","-1.1","0","11.4","0",NA,"796.5","0",NA,"","29","","",NA,"376.5","0.0","1033483"
"KILDONAN","49.000","-125.000","BC","5.6","0",NA,"11.7","0","-1.1","0","0.0","0",NA,"671.4","0",NA,"","27","","",NA,"383.3","0.0","1034170"
"PACHENA POINT","48.723","-125.097","BC","6.5","0","1.2","11.7","0","-1.7","0","0.5","0","8.0","560.5","0","144.0","","28","","",NA,"356.8","0.0","1035940"
"PORT ALBERNI A","49.250","-124.833","BC","3.9","0",NA,"12.2","0","-3.3","0","12.7","0",NA,"419.2","0",NA,"","24","","",NA,"438.3","0.0","1036206"
"PORT ALBERNI CHINA CREEK","49.233","-124.783","BC","",,NA,"",,"",,"35.3","0",NA,"424.7","0",NA,"","24","","",NA,"","","1036207"
"PORT ALICE","50.386","-127.453","BC","5.4","0","0.8","11.1","0","-1.1","0","0.0","0","0.0","748.8","0","152.0","","30","","",NA,"390.2","0.0","1036240"
"QUATSINO","50.533","-127.650","BC","5.4","0","1.4","11.1","0","-1.1","0","12.7","0","145.0","531.1","0","152.0","","29","","",NA,"391.4","0.0","1036570"
"SPRING ISLAND","50.000","-127.417","BC","7.3","0",NA,"12.8","0","0.0","0","1.0","0",NA,"629.3","0",NA,"0.0","29","","",NA,"333.0","0.0","1037650"
"TAHSIS","49.917","-126.650","BC","",,NA,"",,"",,"0.0","0",NA,"787.8","0",NA,"","30","","",NA,"","","1037890"
"TOFINO A","49.081","-125.778","BC","6.1","0","1.1","11.7","0","-2.2","0","0.0","0","0.0","664.5","0","151.0","0.0","28","33.3","0","59.0","368.1","0.0","1038205"
"UCLUELET KENNEDY CAMP","48.945","-125.528","BC","",,"","",,"",,"0.0","0","0.0","421.8","9",NA,"","18","","",NA,"","","1038332"
"WINTER HARBOUR","50.517","-128.033","BC","5.9","0",NA,"12.2","0","-0.6","0","1.5","0",NA,"630.1","0",NA,"","30","","",NA,"374.3","0.0","1038964"
"ALTA LAKE","50.150","-122.950","BC","-0.3","0",NA,"5.6","0","-11.7","0","177.5","0",NA,"208.9","0",NA,"89.0","25","","",NA,"566.1","0.0","1040390"
"BOWEN ISL ARBUTUS BAY","49.333","-123.383","BC","",,NA,"",,"",,"0.0","0",NA,"169.9","11",NA,"","16","","",NA,"","","1040909"
"BOWEN ISLAND BOWEN BAY","49.366","-123.426","BC","",,NA,"",,"",,"0.0","0",NA,"276.8","0",NA,"","23","","",NA,"","","104090R"
"CLOWHOM FALLS","49.717","-123.533","BC","4.4","0",NA,"10.6","0","-2.2","0","1.3","0",NA,"359.3","0",NA,"","24","","",NA,"421.4","0.0","1041710"
"DAISY LAKE DAM","49.983","-123.133","BC","0.9","4",NA,"7.2","1","-9.4","4","84.8","0",NA,"310.4","0",NA,"","18","","",NA,"462.8","0.0","1042255"
"GAMBIER HARBOUR","49.443","-123.433","BC","",,NA,"",,"",,"5.0","0","34.0","353.9","0","139.0","","24","","",NA,"","","1043048"
"GARIBALDI","49.983","-123.133","BC","",,NA,"",,"",,"130.8","0",NA,"337.7","0",NA,"","24","","",NA,"","","1043060"
"GIBSONS GOWER POINT","49.386","-123.541","BC","5.2","0","1.0","11.1","0","-2.2","0","1.0","0","12.0","253.6","0","142.0","","24","","",NA,"397.2","0.0","1043152"
"HOPKINS LANDING","49.467","-123.483","BC","",,NA,"",,"",,"1.0","0",NA,"432.2","0",NA,"","25","","",NA,"","","1043582"
"LOIS RIVER DAM","49.795","-124.318","BC","",,NA,"",,"",,"0.0","0","0.0","250.0","0","125.0","","22","","",NA,"","","1044710"
"LUND","49.983","-124.767","BC","",,NA,"",,"",,"0.0","0",NA,"216.7","0",NA,"","23","","",NA,"","","1044732"
"MALIBU JERVIS INLET","50.165","-123.853","BC","3.6","0","0.8","7.2","0","-1.7","0","46.3","0","171.0","382.3","0","126.0","","27","","",NA,"446.4","0.0","1044840"
"MERRY ISLAND LIGHTSTATION","49.467","-123.917","BC","6.5","0","1.4","11.7","0","1.7","0","0.3","0","4.0","139.1","0","103.0","0.0","22","","",NA,"355.7","0.0","1045100"
"PARADISE VALLEY","49.817","-123.150","BC","2.5","3",NA,"10.0","3","-5.6","2","3.8","0",NA,"312.2","0",NA,"","21","","",NA,"435.4","0.0","1045960"
"PORT MELLON","49.517","-123.483","BC","",,NA,"",,"",,"10.6","0",NA,"559.2","0",NA,"","24","","",NA,"","","1046330"
"POWELL RIVER","49.876","-124.554","BC","6.0","2","1.7","11.1","1","-1.1","1","0.0","0","0.0","203.2","0","147.0","","20","","",NA,"347.2","0.0","1046390"
"POWELL RIVER A","49.834","-124.500","BC","4.3","0","1.1","9.4","0","-3.3","0","0.0","0","0.0","213.7","0","135.0","","22","","",NA,"425.9","0.0","1046391"
"POWELL RIVER WESTVIEW","49.833","-124.517","BC","5.6","0",NA,"10.6","0","-2.2","0","0.0","0",NA,"213.7","0",NA,"","21","","",NA,"383.1","0.0","1046410"
"SQUAMISH FMC CHEMICALS","49.683","-123.167","BC","",,NA,"",,"",,"6.4","0",NA,"375.9","0",NA,"","18","","",NA,"","","1047662"
"SQUAMISH ST DAVIDS","49.750","-123.000","BC","3.3","0",NA,"11.7","0","-4.4","0","4.1","0",NA,"427.8","0",NA,"","27","","",NA,"456.4","0.0","1047669"
"STILLWATER POWER HOUSE","49.767","-124.317","BC","",,NA,"",,"",,"0.0","0","0.0","229.6","0","122.0","","21","","",NA,"","","1047770"
"TEXADA ISLAND A","49.700","-124.517","BC","",,NA,"",,"",,"0.0","0",NA,"163.2","0",NA,"","21","","",NA,"","","1048140"
"WOODFIBRE","49.581","-123.889","BC","",,NA,"",,"",,"5.1","0","39.0","437.1","0","119.0","","18","","",NA,"","","1048974"
"CAPE ST JAMES","51.933","-131.017","BC","6.4","0",NA,"10.6","0","0.6","0","9.2","0",NA,"293.0","0",NA,"0.0","28","","",NA,"360.1","0.0","1051350"
"LANGARA","54.256","-133.058","BC","5.4","0","1.1","11.1","0","0.0","0","15.6","0","129.0","269.6","0","121.0","0.0","26","","",NA,"389.9","0.0","1054500"
"MASSET CFS","54.033","-132.067","BC","4.7","0",NA,"10.6","0","-2.8","0","3.3","0",NA,"241.3","0",NA,"","21","","",NA,"413.6","0.0","10549BN"
"PORT CLEMENTS","53.683","-132.183","BC","4.2","0",NA,"10.6","0","-1.7","0","5.0","0",NA,"256.2","0",NA,"","28","","",NA,"428.1","0.0","1056250"
"RENNELL SOUND","53.300","-132.417","BC","6.0","19",NA,"12.2","19","-0.6","19","0.0","0",NA,"249.2","19",NA,"","12","","",NA,"144.4","0.0","1056742"
"SANDSPIT A","53.254","-131.813","BC","4.8","0","0.6","11.7","0","-2.2","0","11.2","0","188.0","286.6","0","146.0","0.0","27","30.4","0","68.0","409.2","0.0","1057050"
"SEWELL INLET","52.883","-131.983","BC","4.7","0",NA,"13.3","0","-2.8","0","2.0","0",NA,"939.7","0",NA,"","27","","",NA,"412.7","0.0","1057192"
"TASU SOUND","52.767","-132.050","BC","6.3","0",NA,"12.2","0","-2.2","0","8.9","0",NA,"845.6","0",NA,"","28","","",NA,"363.1","0.0","1058003"
"TLELL","53.500","-131.950","BC","4.1","0","1.0","10.0","0","-2.2","0","4.8","0","59.0","229.9","0","140.0","","28","","",NA,"431.2","0.0","1058190"
"SEWALL MASSET INLET","53.767","-132.300","BC","4.8","0",NA,"10.0","0","-1.7","0","8.4","0",NA,"265.3","0",NA,"","29","","",NA,"409.5","0.0","105PA91"
"ALICE ARM","55.467","-129.467","BC","1.3","0",NA,"6.7","0","-2.8","0","127.6","0",NA,"264.5","0",NA,"","23","","",NA,"519.0","0.0","1060331"
"BELLA BELLA","52.167","-128.150","BC","",,NA,"",,"",,"3.8","0",NA,"336.5","0",NA,"","26","","",NA,"","","1060810"
"BELLA COOLA","52.371","-126.685","BC","2.5","0","2.9","7.8","0","-2.8","0","21.2","0","54.0","392.7","0","197.0","","23","","",NA,"480.2","0.0","1060840"
"BELLA COOLA BC HYDRO","52.367","-126.817","BC","3.1","0",NA,"10.0","0","-2.2","0","9.7","0",NA,"464.6","0",NA,"","23","","",NA,"462.9","0.0","1060842"
"BOAT BLUFF","52.643","-128.524","BC","5.2","0","1.6","11.1","0","-0.6","0","2.1","0","10.0","833.0","0","133.0","","29","","",NA,"397.7","0.0","1060901"
"BONILLA ISLAND","53.493","-130.638","BC","6.5","0","1.2","10.6","0","1.1","0","0.0","0","0.0","240.2","0","88.0","","26","","",NA,"358.0","0.0","1060902"
"BUTEDALE","53.150","-128.700","BC","3.4","0",NA,"9.4","0","-0.6","0","18.4","0",NA,"812.7","0",NA,"","29","","",NA,"453.0","0.0","1061210"
"EGG ISLAND","51.250","-127.835","BC","6.1","0","1.4","12.8","0","0.0","0","11.4","0","229.0","513.8","0","161.0","","29","","",NA,"369.5","0.0","1062646"
"ETHELDA BAY","53.050","-129.683","BC","5.3","0",NA,"10.0","0","-3.3","0","9.2","0",NA,"445.5","0",NA,"0.0","29","","",NA,"393.5","0.0","1062745"
"FALLS RIVER","53.983","-129.733","BC","",,NA,"",,"",,"33.0","0",NA,"751.6","0",NA,"","29","","",NA,"","","1062790"
"HARTLEY BAY","53.417","-129.250","BC","4.0","0",NA,"11.1","0","-3.9","0","6.8","0",NA,"767.6","0",NA,"","30","","",NA,"433.9","0.0","1063339"
"KEMANO","53.563","-127.943","BC","1.2","0","2.0","6.7","0","-6.1","0","37.3","0","57.0","349.7","0","123.0","","25","","",NA,"520.1","0.0","1064020"
"KILDALA","53.833","-128.483","BC","2.5","0","3.3","6.7","0","-1.1","0","22.2","0","33.0","517.0","0","182.0","","28","","",NA,"480.4","0.0","1064138"
"KINGCOME INLET","50.950","-126.200","BC","3.6","0",NA,"8.9","0","-3.3","0","21.0","0",NA,"525.6","0",NA,"","29","","",NA,"446.5","0.0","1064227"
"KITIMAT TOWNSITE","54.054","-128.634","BC","",,"","",,"-3.3","0","79.5","0","89.0","503.9","0","173.0","","25","3.5","0","11.0","","","1064320"
"KITIMAT 2","54.010","-128.705","BC","3.1","0","3.3","11.1","0","-1.7","0","38.7","0","45.0","517.2","0","136.0","","23","","",NA,"462.7","0.0","1064321"
"LAKELSE LAKE","54.396","-128.524","BC","",,NA,"",,"",,"40.8","0",NA,"373.1","0",NA,"","22","","",NA,"","","1064497"
"MCINNES ISLAND","52.262","-128.719","BC","6.0","0","1.0","10.0","0","0.6","0","7.5","0","71.0","407.9","0","139.0","0.0","30","","",NA,"373.2","0.0","1065010"
"MINSTREL ISLAND","50.617","-126.317","BC","3.9","11",NA,"9.4","10","-1.1","11","0.0","0",NA,"211.2","10",NA,"","18","","",NA,"282.4","0.0","1065170"
"NAMU","51.867","-127.867","BC","5.1","0",NA,"14.4","0","-2.2","0","7.1","0",NA,"643.5","0",NA,"","30","","",NA,"400.9","0.0","1065310"
"OCEAN FALLS","52.350","-127.683","BC","4.3","1",NA,"12.2","0","-2.2","1","1.6","0",NA,"913.7","0",NA,"","25","","",NA,"409.6","0.0","1065670"
"PRINCE RUPERT A","54.286","-130.445","BC","4.5","0","1.8","10.6","0","-5.0","0","27.7","0","121.0","420.7","0","143.0","0.0","29","10.7","0","33.0","418.9","0.0","1066481"
"PRINCE RUPERT MONT CIRC","54.320","-130.290","BC","",,NA,"",,"",,"58.1","0","250.0","595.9","0","161.0","","29","","",NA,"","","1066488"
"PRINCE RUPERT R PARK","54.300","-130.333","BC","",,NA,"",,"",,"57.1","0","280.0","604.5","0","176.0","","29","","",NA,"","","1066492"
"PRINCE RUPERT SHAWATLANS","54.333","-130.250","BC","",,NA,"",,"",,"57.3","0","297.0","518.9","0","134.0","","27","","",NA,"","","1066493"
"PHILLIPS ARM","50.550","-125.367","BC","3.1","0",NA,"8.9","0","-3.3","0","23.9","0",NA,"551.8","0",NA,"","29","","",NA,"460.8","0.0","1066JFQ"
"SHAWL BAY","50.850","-126.567","BC","4.6","0",NA,"12.2","0","-2.8","0","45.2","0",NA,"420.9","0",NA,"","28","","",NA,"414.5","0.0","1067225"
"STEWART A","55.936","-129.985","BC","0.3","10","2.4","4.4","10","-5.0","10","249.3","10",NA,"310.3","10",NA,"122.0","17","0.5","4.04166666666666666666666666666666666667",NA,"371.3","0.0","1067742"
"STEWART BCHPA","55.950","-129.983","BC","-0.3","0",NA,"3.3","0","-7.2","0","240.2","0",NA,"332.2","0",NA,"","24","","",NA,"567.6","0.0","1067745"
"TERRACE A","54.466","-128.578","BC","1.2","0","3.8","6.1","0","-4.4","0","94.3","0","108.0","240.3","0","133.0","10.0","22","16.3","0","52.0","521.6","0.0","1068130"
"TERRACE PCC","54.502","-128.625","BC","1.8","0","3.1","9.4","0","-5.6","0","28.0","0","53.0","220.8","0","136.0","","22","","",NA,"502.4","0.0","1068131"
"THOMPSON SOUND","50.800","-126.000","BC","3.6","0",NA,"11.1","0","-2.2","0","16.1","0",NA,"401.1","0",NA,"","27","","",NA,"446.9","0.0","1068159"
"TOBA INLET","50.517","-124.267","BC","1.7","0",NA,"7.2","0","-6.1","0","43.2","0",NA,"250.0","0",NA,"","23","","",NA,"504.6","0.0","1068201"
"WANNOCK RIVER","51.683","-127.250","BC","3.6","0",NA,"8.3","0","-1.1","0","1.3","0",NA,"657.8","0",NA,"","31","","",NA,"446.5","0.0","1068677"
"AIYANSH 2SE","55.183","-129.050","BC","",,NA,"",,"",,"36.0","0",NA,"189.4","0",NA,"","21","","",NA,"","","1070154"
"BABINE LAKE PINKUT CREEK","54.446","-125.460","BC","-2.1","0","3.3","6.1","0","-17.8","0","42.8","0","117.0","42.8","0","105.0","","11","49.7","0","182.0","624.4","0.0","1070573"
"BIG OLIVER CREEK","54.833","-128.300","BC","1.6","0",NA,"6.7","0","-3.3","0","40.5","0",NA,"207.1","0",NA,"","21","","",NA,"508.6","0.0","1070873"
"FORT BABINE","55.317","-126.617","BC","-5.1","0",NA,"5.0","0","-20.6","0","74.2","0",NA,"86.0","0",NA,"","19","20.1","0",NA,"714.7","0.0","1072902"
"GRANISLE COPPER LTD","54.950","-126.167","BC","-2.2","0",NA,"7.2","0","-13.9","0","26.9","0",NA,"26.9","0",NA,"","8","","",NA,"625.2","0.0","1073278"
"HAZELTON TEMLEHAN","55.200","-127.733","BC","-2.2","0","5.1","4.4","0","-10.6","0","37.5","0","72.0","48.5","0","78.0","","10","","",NA,"627.6","0.0","1073347"
"HOUSTON","54.383","-126.717","BC","","",NA,"","","","","","",NA,"","",NA,"","","0.0","30.9583333333333333333333333333333333333",NA,"","","1073612"
"KITWANGA","55.117","-128.050","BC","-1.4","0",NA,"5.6","0","-11.1","0","48.0","0",NA,"76.6","0",NA,"","15","","",NA,"602.6","0.0","1074336"
"MURDER CREEK","55.517","-127.800","BC","-2.4","0",NA,"5.0","0","-13.3","0","32.7","0",NA,"32.7","0",NA,"","10","","",NA,"633.9","0.0","1075253"
"NASS CAMP","55.238","-129.029","BC","-0.8","1","3.2","3.9","1","-6.7","0","71.7","0","89.0","115.2","0","88.0","","20","","",NA,"562.6","0.0","1075384"
"NEW HAZELTON","55.233","-127.600","BC","-0.7","0",NA,"5.6","0","-9.4","0","22.2","0",NA,"65.5","0",NA,"","12","","",NA,"579.7","0.0","1075520"
"QUICK","54.617","-126.900","BC","",,NA,"",,"",,"28.8","0",NA,"39.3","0",NA,"","8","","",NA,"","","1076638"
"ROSSWOOD","54.850","-128.800","BC","0.9","0",NA,"6.7","0","-7.2","0","20.1","0",NA,"149.0","0",NA,"","20","","",NA,"531.4","0.0","1076886"
"SMITHERS A","54.825","-127.183","BC","-2.5","0","4.6","6.7","0","-15.0","0","50.1","0","110.0","58.0","0","138.0","18.0","13","41.2","0","156.0","636.7","0.0","1077500"
"SMITHERS 4E","54.783","-127.083","BC","-3.0","0",NA,"6.1","0","-17.2","0","24.8","0",NA,"33.1","0",NA,"","10","","",NA,"652.1","0.0","1077508"
"TOPLEY LANDING","54.815","-126.164","BC","-2.6","0","4.2","6.7","0","-17.8","0","39.3","0","83.0","39.3","0","77.0","","12","44.3","0","156.0","639.4","0.0","1078209"
"CEDARVALE","55.017","-128.317","BC","0.3","0",NA,"8.3","0","-6.7","0","70.8","0",NA,"115.8","0",NA,"","19","","",NA,"548.4","0.0","107ADFE"
"ALEXIS CREEK TAUTRI CRK","52.550","-123.183","BC","-8.2","0",NA,"6.1","0","-27.8","0","44.5","0",NA,"44.5","0",NA,"","11","","",NA,"812.5","0.0","1080289"
"BIG CREEK","51.667","-123.073","BC","-6.1","0",NA,"8.9","0","-22.8","0","30.2","0",NA,"30.2","0",NA,"","6","","",NA,"745.6","0.0","1080870"
"GILLIES CROSSING","53.233","-123.600","BC","-7.3","0",NA,"4.4","0","-26.1","0","39.9","0",NA,"39.9","0",NA,"","10","","",NA,"783.6","0.0","1083157"
"GRASSY PLAINS","53.917","-125.917","BC","-2.8","11",NA,"6.1","11","-17.2","10","13.9","11",NA,"13.9","11",NA,"","4","","",NA,"416.8","0.0","1083285"
"LAJOIE DAM","50.833","-122.867","BC","-0.8","13",NA,"8.9","8","-13.3","8","34.3","0",NA,"78.3","0",NA,"","12","","",NA,"338.1","0.0","1084490"
"NAZKO","52.917","-123.617","BC","-6.3","0",NA,"6.1","0","-27.8","0","41.4","0",NA,"41.4","0",NA,"","10","","",NA,"753.4","0.0","1085414"
"NEMAIA VALLEY CHILKO LK","51.417","-124.067","BC","-1.7","0",NA,"9.4","0","-19.4","0","13.2","0",NA,"24.4","0",NA,"","6","","",NA,"612.0","0.0","1085450"
"OOTSA L SKINS L SPILLWAY","53.772","-125.997","BC","-0.7","0","5.1","7.8","0","-12.8","0","25.7","0","73.0","38.9","0","101.0","","10","","",NA,"579.1","0.0","1085835"
"PEMBERTON BCFS","50.317","-122.817","BC","0.2","4",NA,"4.4","2","-9.4","4","17.6","0",NA,"120.0","0",NA,"","11","","",NA,"481.8","0.0","1086083"
"PUNTCHESAKUT LAKE","52.992","-122.955","BC","-5.0","0","3.3","6.1","0","-25.0","0","58.3","0","148.0","58.3","0","145.0","","8","","",NA,"713.8","0.0","1086550"
"PUNTZI MOUNTAIN","52.117","-124.083","BC","-9.6","0",NA,"2.8","0","-29.4","0","17.9","0",NA,"11.1","0",NA,"33.0","6","47.8","0",NA,"856.1","0.0","1086556"
"SOUTHBANK","54.033","-125.767","BC","-1.4","0",NA,"6.1","0","-12.8","0","32.3","0",NA,"42.9","0",NA,"","8","","",NA,"602.0","0.0","1087600"
"TAHTSA LAKE WEST","53.617","-127.700","BC","-1.4","0","3.5","5.0","0","-15.0","0","274.3","0","121.0","395.1","0","137.0","","28","","",NA,"600.0","0.0","1087950"
"TATELKUZ LAKE","53.300","-124.733","BC","-4.5","0",NA,"6.7","0","-25.6","0","43.1","0",NA,"46.9","0",NA,"","9","","",NA,"698.7","0.0","1088007"
"TATLA LAKE BCFS","51.900","-124.600","BC","-6.9","0",NA,"7.8","0","-27.8","0","17.6","0",NA,"17.6","0",NA,"","5","","",NA,"773.3","0.0","1088009"
"TATLAYOKO LAKE","51.675","-124.405","BC","-2.3","0","4.0","8.3","0","-16.7","0","20.4","0","67.0","49.1","0","105.0","","8","","",NA,"629.6","0.0","1088010"
"WISTARIA","53.825","-126.214","BC","-2.4","0","3.9","5.6","0","-16.7","0","38.4","0","110.0","46.5","0","118.0","","9","","",NA,"631.0","0.0","1088970"
"ALEZA LAKE","54.117","-122.067","BC","-4.7","0",NA,"6.1","0","-22.8","0","90.3","0",NA,"108.8","0",NA,"","16","","",NA,"704.8","0.0","1090300"
"BARKERVILLE","53.069","-121.515","BC","-5.0","0","2.8","4.4","0","-21.1","0","132.8","0","143.0","132.8","0","140.0","","22","","",NA,"712.1","0.0","1090660"
"BOSS MOUNTAIN","52.100","-120.883","BC","-6.2","0",NA,"1.1","0","-16.7","0","234.0","0",NA,"234.0","0",NA,"","26","","",NA,"751.1","0.0","1090904"
"BOWRON LAKE","53.283","-121.450","BC","-2.8","0",NA,"6.1","0","-20.6","0","61.1","0",NA,"77.6","0",NA,"","17","","",NA,"646.2","0.0","1090R0R"
"BURNS LAKE","54.233","-125.767","BC","-4.6","0",NA,"6.1","0","-26.1","0","39.5","0",NA,"40.5","0",NA,"36.0","10","50.8","0",NA,"701.4","0.0","1091169"
"CHIEF LAKE","54.100","-123.067","BC","",,NA,"",,"",,"58.8","0",NA,"80.4","0",NA,"","9","","",NA,"","","1091512"
"DOG CREEK","51.583","-122.250","BC","-3.9","0",NA,"6.1","0","-19.4","0","31.6","0",NA,"32.9","0",NA,"","6","","",NA,"679.2","0.0","1092489"
"DOME CREEK","53.733","-120.983","BC","-3.2","0",NA,"5.0","0","-21.7","0","64.2","0",NA,"86.4","0",NA,"","18","","",NA,"658.1","0.0","1092520"
"DUNSTER","53.133","-119.850","BC","",,NA,"",,"",,"34.4","0",NA,"41.6","0",NA,"","10","","",NA,"","","1092578"
"ENDAKO MINE","54.033","-125.100","BC","-3.0","0",NA,"4.4","0","-12.2","0","62.8","0",NA,"62.8","0",NA,"","12","","",NA,"650.1","0.0","1092676"
"FORT FRASER 13S","53.883","-124.583","BC","",,NA,"",,"",,"42.2","0",NA,"45.0","0",NA,"","12","","",NA,"","","1092905"
"FORT ST JAMES","54.450","-124.250","BC","-4.3","0","3.5","5.6","0","-18.3","0","51.7","0","135.0","53.0","0","124.0","","11","","",NA,"692.1","0.0","1092970"
"HIXON","53.532","-122.699","BC","-2.6","0","3.3","6.7","0","-15.0","0","38.0","0","76.0","48.5","0","83.0","","12","","",NA,"638.1","0.0","1093474"
"HIXON BCFS","53.417","-122.583","BC","-3.8","0",NA,"6.1","0","-20.6","0","43.5","0",NA,"51.6","0",NA,"","11","","",NA,"674.4","0.0","1093475"
"HORSEFLY BCFS","52.333","-121.417","BC","-3.5","0",NA,"9.4","0","-21.1","0","38.7","0",NA,"41.5","0",NA,"","12","","",NA,"665.2","0.0","1093599"
"JESMOND","51.267","-121.967","BC","-3.6","0",NA,"7.2","0","-17.8","0","44.9","0",NA,"44.9","0",NA,"","5","","",NA,"669.9","0.0","1093730"
"KALDER LAKE","54.967","-124.250","BC","-6.8","0",NA,"1.7","0","-23.9","0","113.9","0",NA,"123.6","0",NA,"","17","","",NA,"769.2","0.0","1093777"
"KERSLEY","52.817","-122.367","BC","-3.4","2",NA,"7.2","1","-17.8","1","42.8","0",NA,"42.8","0",NA,"","10","","",NA,"620.6","0.0","1094125"
"LEO CREEK","55.083","-125.583","BC","-3.5","0",NA,"7.2","0","-17.8","0","57.4","0",NA,"57.9","0",NA,"","11","","",NA,"666.9","0.0","1094602"
"LIKELY","52.600","-121.533","BC","-1.4","0",NA,"8.3","0","-15.6","0","69.4","0",NA,"84.2","0",NA,"","19","","",NA,"601.4","0.0","1094616"
"MACKAY RIVER","52.383","-120.717","BC","-5.4","0",NA,"3.9","0","-17.8","0","",,NA,"",,NA,"","","","",NA,"724.9","0.0","1094785"
"MCBRIDE 4SE","53.267","-120.150","BC","-2.6","0",NA,"5.0","0","-22.2","0","26.6","0",NA,"28.2","0",NA,"","10","","",NA,"639.8","0.0","1094950"
"MCBRIDE NORTH","53.367","-120.250","BC","-1.8","0",NA,"6.7","0","-16.7","0","37.0","0",NA,"44.2","0",NA,"","11","30.5","0",NA,"614.7","0.0","1094955"
"MCGREGOR","54.083","-121.833","BC","-2.2","16",NA,"6.1","13","-12.8","16","47.3","11",NA,"47.3","11",NA,"","7","","",NA,"302.9","0.0","1095000"
"MCLEESE LAKE GRANITE MT","52.530","-122.287","BC","-3.2","0",NA,"4.4","0","-17.8","0","27.9","0",NA,"29.2","0",NA,"","7","","",NA,"657.6","0.0","1095018"
"OCHILTREE MIOCENE","52.260","-121.724","BC","-3.0","0",NA,"6.1","0","-13.3","0","50.0","0",NA,"54.8","0",NA,"","12","","",NA,"650.2","0.0","1095676"
"150 MILE HOUSE 7N","52.217","-122.000","BC","-3.5","9",NA,"6.7","8","-22.2","7","35.6","0",NA,"35.6","0",NA,"","5","","",NA,"472.4","0.0","1095821"
"PRINCE GEORGE A","53.891","-122.679","BC","-3.0","0","4.2","5.6","0","-20.0","0","42.9","0","90.0","44.1","0","101.0","8.0","11","48.6","0","111.0","651.7","0.0","1096450"
"PRINCE GEORGE WESTWOOD","53.900","-122.783","BC","-2.4","0",NA,"6.7","0","-17.2","0","45.9","0",NA,"51.3","0",NA,"","12","","",NA,"632.1","0.0","1096470"
"QUESNEL A","53.026","-122.510","BC","-3.4","0","2.5","7.8","0","-18.3","0","53.5","0","125.0","50.5","0","121.0","23.0","12","","",NA,"663.1","0.0","1096630"
"QUESNEL MOOSE HEIGHTS","53.067","-122.500","BC","-2.9","0",NA,"5.6","0","-16.7","0","47.3","0",NA,"47.3","0",NA,"","9","","",NA,"646.9","0.0","1096635"
"RED PASS MT ROBSON PARK","52.983","-119.000","BC","-4.0","0",NA,"1.7","0","-13.9","0","84.9","0",NA,"84.9","0",NA,"","17","","",NA,"682.0","0.0","1096665"
"SALMON VAL ERICKSON RD","54.133","-122.650","BC","-3.9","0",NA,"5.6","0","-22.8","0","85.4","0",NA,"95.4","0",NA,"","17","","",NA,"677.7","0.0","1096952"
"TACHIE 1SE","54.633","-124.700","BC","-5.0","16",NA,"7.2","14","-20.6","16","4.6","18",NA,"4.8","20",NA,"","2","","",NA,"344.8","0.0","1097888"
"TAKLA LANDING","55.467","-125.967","BC","",,NA,"",,"",,"50.9","0",NA,"52.4","0",NA,"","10","","",NA,"","","1097970"
"VANDERHOOF 2NE","54.033","-124.000","BC","-4.5","0",NA,"5.6","0","-23.3","0","47.7","0",NA,"47.7","0",NA,"","11","","",NA,"698.6","0.0","1098492"
"WILLIAMS LAKE A","52.183","-122.054","BC","-3.3","0","4.0","6.1","0","-18.3","0","37.8","0","85.0","33.3","0","89.0","20.0","11","50.9","0","111.0","659.9","0.0","1098940"
"WILLIAMS LAKE GLENDALE","52.150","-122.167","BC","-2.2","0",NA,"9.4","0","-17.2","0","35.5","0",NA,"38.3","0",NA,"","9","","",NA,"625.2","0.0","1098943"
"VANDERHOOF BRAESIDE RD","54.083","-124.267","BC","-6.4","0",NA,"5.0","0","-27.8","0","41.8","0",NA,"48.8","0",NA,"","13","","",NA,"755.6","0.0","1098DR0"
"FRASER LAKE NORTH SHORE","54.078","-124.847","BC","-4.4","0","3.5","6.1","0","-21.1","0","37.2","0","90.0","39.2","0","87.0","","8","","",NA,"693.1","0.0","109C0LF"
"WINEGLASS RANCH","51.850","-122.650","BC","-4.2","0",NA,"8.3","0","-17.8","0","18.3","0",NA,"18.9","0",NA,"","5","","",NA,"689.0","0.0","109QR57"
"ABBOTSFORD A","49.025","-122.363","BC","5.0","0","2.0","13.9","0","-5.0","0","0.3","0","2.0","246.4","0","132.0","0.0","22","37.9","0","58.0","404.3","0.0","1100030"
"AGASSIZ CDA","49.243","-121.760","BC","5.0","0","1.8","11.7","0","-1.7","0","13.2","0","69.0","320.5","0","156.0","3.0","24","26.0","0","46.0","403.5","0.0","1100120"
"ALDERGROVE","49.117","-122.483","BC","4.4","0",NA,"12.8","0","-4.4","0","7.0","0",NA,"297.4","0",NA,"","25","","",NA,"422.2","0.0","1100240"
"ALOUETTE LAKE","49.283","-122.483","BC","3.9","0",NA,"12.2","0","-2.8","0","17.2","0",NA,"477.6","0",NA,"","25","","",NA,"435.7","0.0","1100360"
"BUNTZEN LAKE","49.383","-122.867","BC","4.8","0",NA,"11.7","0","-1.7","0","2.5","0",NA,"525.1","0",NA,"","24","","",NA,"410.6","0.0","1101140"
"BURNABY CAPITOL HILL","49.286","-122.987","BC","",,NA,"",,"",,"19.4","0","100.0","350.9","0","140.0","","24","","",NA,"","","1101146"
"BURNABY MTN TERMINAL","49.267","-122.933","BC","5.0","0",NA,"13.3","0","-1.7","0","3.8","0",NA,"376.2","0",NA,"","25","","",NA,"401.8","0.0","1101155"
"BURNABY SIMON FRASER U","49.277","-122.919","BC","4.1","0","1.2","11.7","0","-2.2","0","43.3","0","149.0","335.0","0","134.0","","25","","",NA,"429.7","0.0","1101158"
"BURQUITLAM VANCOUVER GOLF COURSE","49.252","-122.877","BC","",,"","",,"",,"3.8","0","24.0","358.2","0","143.0","","24","","",NA,"","","1101200"
"CHILLIWACK","49.173","-121.924","BC","5.2","0","2.0","15.0","0","-2.8","0","10.9","0","45.0","334.0","0","159.0","","25","","",NA,"395.8","0.0","1101530"
"CHILLIWACK GIBSON ROAD","49.167","-121.867","BC","4.6","0",NA,"11.1","0","-2.8","0","8.3","0",NA,"252.4","0",NA,"","23","","",NA,"415.4","0.0","1101545"
"CHILLIWACK R CENTRE CRK","49.100","-121.550","BC","",,NA,"",,"",,"36.9","0",NA,"234.0","0",NA,"","21","","",NA,"","","1101564"
"CHILLIWACK R FOLEY CREEK","49.100","-121.633","BC","",,NA,"",,"",,"28.0","0",NA,"260.0","0",NA,"","26","","",NA,"","","1101565"
"CHILLIWACK YALE RD EAST","49.183","-121.900","BC","",,NA,"",,"",,"4.5","0",NA,"274.9","0",NA,"","25","","",NA,"","","1101580"
"COQUITLAM COMO LAKE AVE","49.269","-122.866","BC","",,NA,"",,"",,"15.5","0","78.0","338.9","0","135.0","","23","","",NA,"","","1101889"
"COQUITLAM LAKE","49.367","-122.800","BC","3.8","0",NA,"9.4","0","-2.2","0","51.0","0",NA,"478.3","0",NA,"","26","","",NA,"440.3","0.0","1101890"
"CHILLIWACK R HATCHERY","49.083","-121.700","BC","",,"","",,"",,"2.3","0","13.0","195.0","0","107.0","","22","","",NA,"","","1101N65"
"CULTUS LAKE","49.083","-121.983","BC","4.7","0",NA,"15.0","0","-3.9","0","1.3","0",NA,"264.2","0",NA,"","24","","",NA,"411.3","0.0","1102220"
"DELTA LADNER EAST","49.083","-123.067","BC","5.7","0",NA,"11.7","0","-2.8","0","0.0","0",NA,"169.3","0",NA,"","21","","",NA,"381.6","0.0","1102416"
"DELTA LADNER SOUTH","49.067","-123.083","BC","5.6","0",NA,"11.7","0","-2.8","0","0.0","0",NA,"171.0","0",NA,"","22","","",NA,"383.2","0.0","1102417"
"DELTA OLIVER SLOUGH","49.083","-122.917","BC","5.7","0",NA,"11.7","0","-2.8","0","0.0","0",NA,"200.9","0",NA,"","21","","",NA,"380.4","0.0","1102419"
"DELTA PEBBLE HILL","49.000","-123.083","BC","",,NA,"",,"",,"0.0","0",NA,"162.2","0",NA,"","22","","",NA,"","","1102420"
"DELTA TSAWWASSEN BEACH","49.011","-123.093","BC","",,"","",,"",,"0.0","0","0.0","158.6","0","126.0","","25","","",NA,"","","1102425"
"HANEY CORRL INSTN","49.250","-122.517","BC","4.8","0",NA,"12.2","0","-2.8","0","0.5","0",NA,"385.1","0",NA,"","24","","",NA,"408.3","0.0","1103324"
"HANEY EAST","49.200","-122.567","BC","5.3","0","2.8","12.8","0","-3.9","0","10.2","0","66.0","321.8","0","150.0","","24","","",NA,"393.1","0.0","1103326"
"HANEY UBC RF ADMIN","49.265","-122.573","BC","6.5","0","3.9","13.9","0","-0.6","0","0.0","0","0.0","389.7","0","154.0","","24","15.8","0","55.0","356.5","0.0","1103332"
"HATZIC LAKE","49.167","-122.250","BC","",,NA,"",,"",,"5.1","0",NA,"360.3","0",NA,"","25","","",NA,"","","1103342"
"HOLLYBURN RIDGE","49.383","-123.183","BC","-0.1","0",NA,"5.0","0","-8.9","0","257.4","0",NA,"447.9","0",NA,"","24","","",NA,"560.7","0.0","1103510"
"HUNTINGDON VYE ROAD","49.033","-122.200","BC","",,NA,"",,"",,"0.0","0",NA,"211.0","0",NA,"","24","","",NA,"","","1103636"
"IOCO REFINERY","49.300","-122.883","BC","",,NA,"",,"",,"1.3","0",NA,"427.0","0",NA,"","22","","",NA,"","","1103660"
"KENSINGTON PRAIRIE","49.067","-122.783","BC","",,NA,"",,"",,"5.8","0",NA,"234.4","0",NA,"","23","","",NA,"","","1104080"
"LADNER PORT GUICHON","49.083","-123.100","BC","",,NA,"",,"",,"0.5","0",NA,"180.8","0",NA,"","24","","",NA,"","","1104484"
"LANGLEY LOCHIEL","49.050","-122.583","BC","5.4","0",NA,"13.9","0","-3.3","0","0.0","0",NA,"259.4","0",NA,"","25","","",NA,"391.9","0.0","1104555"
"LANGLEY PRAIRIE","49.150","-122.650","BC","",,NA,"",,"",,"0.0","0",NA,"280.8","0",NA,"","23","","",NA,"","","1104560"
"MAPLE RIDGE","49.233","-122.617","BC","5.0","0",NA,"10.6","0","-4.4","0","3.3","0",NA,"375.2","0",NA,"","26","","",NA,"404.4","0.0","1104902"
"MILNER AIC","49.133","-122.617","BC","4.9","0",NA,"13.3","0","-5.6","0","0.0","0",NA,"258.2","0",NA,"","25","","",NA,"405.6","0.0","1105155"
"MISSION","49.133","-122.333","BC","5.2","0",NA,"13.3","0","-2.2","0","3.6","0",NA,"283.1","0",NA,"","25","","",NA,"395.6","0.0","1105190"
"MISSION WEST ABBEY","49.153","-122.271","BC","4.6","0","1.8","12.8","0","-2.8","0","13.2","0","65.0","291.2","0","138.0","","25","","",NA,"415.5","0.0","1105192"
"NEW WESTMINSTER BC PEN","49.217","-122.900","BC","5.3","0",NA,"12.2","0","-1.7","0","2.5","0",NA,"316.0","0",NA,"","25","","",NA,"393.4","0.0","1105553"
"NORTH BURNABY UNION","49.283","-122.950","BC","",,NA,"",,"",,"2.5","0",NA,"364.6","0",NA,"","22","","",NA,"","","1105627"
"N VANCOUVER CAPILANO","49.350","-123.117","BC","",,NA,"",,"",,"2.5","0",NA,"376.4","0",NA,"","25","","",NA,"","","1105655"
"N VANC GROUSE MTN RESORT","49.368","-123.081","BC","-1.1","2","-0.1","6.1","0","-8.3","2","222.3","0","121.0","346.0","0","120.0","","21","","",NA,"553.0","0.0","1105658"
"N VANCOUVER LYNN CREEK","49.367","-123.033","BC","",,NA,"",,"",,"19.3","0",NA,"457.6","0",NA,"","25","","",NA,"","","1105660"
"N VANCOUVER 2ND NARROWS","49.298","-123.015","BC","",,NA,"",,"",,"6.3","0","72.0","361.2","0","151.0","","23","","",NA,"","","1105666"
"N VANCOUVER UPPER LYNN","49.350","-123.033","BC","",,NA,"",,"",,"2.0","0",NA,"481.2","0",NA,"","23","","",NA,"","","1105668"
"N VANCOUVER WHARVES","49.314","-123.119","BC","",,NA,"",,"",,"8.9","0","105.0","341.2","0","153.0","","25","","",NA,"","","1105669"
"PITT POLDER","49.283","-122.617","BC","4.4","0","2.0","12.2","0","-5.0","0","0.0","0","0.0","420.5","0","164.0","","24","","",NA,"420.9","0.0","1106180"
"POINT ATKINSON","49.333","-123.267","BC","",,NA,"",,"",,"0.0","0",NA,"229.2","0",NA,"","24","","",NA,"","","1106200"
"PORT COQUITLAM CITY YARD","49.267","-122.783","BC","5.0","1",NA,"12.8","0","-3.9","1","1.8","0",NA,"394.8","0",NA,"","24","","",NA,"391.5","0.0","1106256"
"ROSEDALE","49.183","-121.800","BC","4.3","0",NA,"12.2","0","-2.8","0","10.9","0",NA,"256.4","0",NA,"","26","","",NA,"423.2","0.0","1106865"
"PORT MOODY GLENAYRE","49.279","-122.881","BC","4.5","2","1.2","11.1","1","-2.2","2","7.1","0","46.0","335.1","0","139.0","","25","","",NA,"391.7","0.0","1106CL2"
"PORT MOODY MERIDIAN","49.300","-122.800","BC","6.2","11",NA,"12.2","11","-2.8","10","14.5","0",NA,"355.9","0",NA,"","18","","",NA,"237.0","0.0","1106L3K"
"SARDIS","49.082","-121.895","BC","",,"","",,"",,"21.9","0","111.0","229.3","0","125.0","","23","","",NA,"","","1107080"
"SEYMOUR FALLS","49.440","-122.971","BC","",,NA,"",,"",,"56.3","0","121.0","676.3","0","135.0","","24","","",NA,"","","1107200"
"STAVE FALLS","49.233","-122.367","BC","5.1","17","2.1","11.7","11","-2.8","11","3.3","0","12.0","396.3","0","141.0","0.0","25","","",NA,"180.0","0.0","1107680"
"SUMAS CANAL","49.113","-122.110","BC","",,NA,"",,"",,"1.3","0",NA,"289.2","0",NA,"","25","","",NA,"","","1107785"
"SUMAS PRAIRIE","49.050","-122.133","BC","6.8","10",NA,"13.9","10","1.7","10","0.0","11",NA,"155.0","11",NA,"","17","","",NA,"235.3","0.0","1107788"
"SURREY KWANTLEN PARK","49.193","-122.860","BC","",,NA,"",,"",,"0.8","0","8.0","300.9","0","153.0","","24","","",NA,"","","1107873"
"SURREY MUNICIPAL HALL","49.107","-122.828","BC","5.3","0",NA,"12.2","0","-2.2","0","0.0","0",NA,"251.7","0",NA,"","26","","",NA,"395.2","0.0","1107876"
"SURREY NEWTON","49.133","-122.847","BC","5.1","0","1.7","12.2","0","-3.3","0","2.6","0","21.0","256.7","0","141.0","","24","","",NA,"400.5","0.0","1107878"
"SURREY SUNNYSIDE","49.050","-122.767","BC","5.0","0",NA,"12.2","0","-2.2","0","0.0","0",NA,"231.8","0",NA,"","22","","",NA,"402.4","0.0","1107879"
"SURREY 99A AVE","49.183","-122.850","BC","",,NA,"",,"",,"2.6","0",NA,"294.0","0",NA,"","23","","",NA,"","","1107H7H"
"VANCOUVER BCHPA","49.283","-123.117","BC","","",NA,"","","","","","",NA,"","",NA,"","","52.4","0",NA,"","","1108384"
"VANCOUVER CEDAR COTTAGE","49.250","-123.050","BC","5.0","0",NA,"11.1","0","-3.3","0","2.3","0",NA,"349.3","0",NA,"","24","","",NA,"404.0","0.0","1108410"
"VANCOUVER CITY HALL","49.283","-123.117","BC","",,NA,"",,"",,"1.3","0",NA,"265.6","0",NA,"","21","","",NA,"","","1108430"
"VANCOUVER DUNBAR SOUTH","49.250","-123.183","BC","5.8","0",NA,"11.1","0","-2.2","0","2.1","0",NA,"260.6","0",NA,"","24","","",NA,"378.2","0.0","1108436"
"VANCOUVER HARBOUR CS","49.296","-123.122","BC","6.5","13",NA,"12.2","7","0.0","11","5.9","0",NA,"335.1","0",NA,"","19","","",NA,"206.3","0.0","1108446"
"VANCOUVER INT'L A","49.195","-123.182","BC","5.4","0","1.8","11.7","0","-2.8","0","1.0","0","7.0","187.9","0","116.0","0.0","20","49.8","0","88.0","392.0","0.0","1108447"
"VANCOUVER KERRISDALE","49.233","-123.133","BC","",,NA,"",,"",,"5.0","0",NA,"260.4","0",NA,"","25","","",NA,"","","1108449"
"VANCOUVER KITSILANO","49.267","-123.167","BC","",,NA,"",,"",,"8.5","0",NA,"238.2","0",NA,"","24","","",NA,"","","1108453"
"VANCOUVER OAK 53","49.217","-123.133","BC","5.7","0",NA,"11.1","0","-1.7","0","3.8","0",NA,"267.4","0",NA,"","22","","",NA,"382.7","0.0","1108462"
"VANCOUVER PMO","49.283","-123.117","BC","",,NA,"",,"",,"5.9","0",NA,"347.0","0",NA,"","25","","",NA,"","","1108465"
"VANCOUVER UBC","49.250","-123.250","BC","5.5","0",NA,"11.1","0","-1.1","0","2.0","0",NA,"240.6","0",NA,"3.0","24","51.3","0",NA,"388.9","0.0","1108487"
"W VANC BALLANTREE PLACE","49.367","-123.133","BC","",,NA,"",,"",,"28.9","0",NA,"418.7","0",NA,"","25","","",NA,"","","1108823"
"W VANCOUVER DUNDARAVE","49.333","-123.183","BC","",,NA,"",,"",,"7.5","0",NA,"355.4","0",NA,"","20","","",NA,"","","1108829"
"W VANCOUVER MILLSTREAM","49.367","-123.133","BC","",,NA,"",,"",,"30.4","0",NA,"415.9","0",NA,"","18","","",NA,"","","1108840"
"WEST VANCOUVER RENA CRES","49.333","-123.150","BC","",,NA,"",,"",,"1.3","0",NA,"365.9","0",NA,"","24","","",NA,"","","1108848"
"WHALLEY FOREST NURSERY","49.183","-122.833","BC","4.7","0",NA,"11.7","0","-2.2","0","1.3","0",NA,"289.7","0",NA,"","21","","",NA,"411.0","0.0","1108890"
"WHISTLER ROUNDHOUSE","50.068","-122.947","BC","-5.7","0",NA,"2.2","0","-13.9","0","232.3","0",NA,"232.3","0",NA,"","20","","",NA,"733.3","0.0","1108906"
"WHITE ROCK STP","49.019","-122.784","BC","6.4","0","2.5","12.8","0","-2.2","0","0.8","0","9.0","202.9","0","145.0","0.0","22","","",NA,"361.0","0.0","1108914"
"WHONNOCK 269 ST","49.183","-122.483","BC","",,NA,"",,"",,"0.0","0",NA,"316.9","0",NA,"","24","","",NA,"","","1108927"
"N VANCOUVER CLEVELAND","49.360","-123.107","BC","",,NA,"",,"",,"1.3","0","8.0","417.8","0","131.0","","23","","",NA,"","","110EF56"
"N VANCOUVER CLOVERLEY","49.317","-123.050","BC","5.1","0",NA,"11.1","0","-2.8","0","14.2","0",NA,"366.1","0",NA,"","23","","",NA,"400.7","0.0","110EFEF"
"N VANCOUVER SEYMOUR BLVD","49.317","-123.017","BC","",,NA,"",,"",,"2.5","0",NA,"376.7","0",NA,"","26","","",NA,"","","110EFFF"
"PITT MEADOWS STP","49.217","-122.683","BC","4.8","0",NA,"12.8","0","-3.9","0","0.0","0",NA,"360.2","0",NA,"","24","","",NA,"410.6","0.0","110FAG9"
"N VANCOUVER REDONDA DR","49.367","-123.083","BC","",,NA,"",,"",,"10.8","0",NA,"461.9","0",NA,"","24","","",NA,"","","110N6F5"
"ALLISON PASS DOH","49.117","-120.867","BC","-3.6","0",NA,"4.4","0","-18.9","0","207.1","0",NA,"215.9","0",NA,"","23","","",NA,"669.3","0.0","1110352"
"BOSTON BAR","49.867","-121.433","BC","3.1","0",NA,"8.9","0","-3.9","0","41.9","0",NA,"168.6","0",NA,"","21","","",NA,"461.8","0.0","111090M"
"GATES STATION","50.517","-122.517","BC","1.4","0",NA,"9.4","0","-9.4","0","28.3","0",NA,"67.3","0",NA,"","17","","",NA,"513.2","0.0","1113072"
"HELLS GATE","49.783","-121.450","BC","3.0","0",NA,"9.4","0","-4.4","0","14.7","0",NA,"236.3","0",NA,"","25","","",NA,"464.0","0.0","1113420"
"HOPE A","49.368","-121.498","BC","4.0","0",NA,"11.7","0","-4.4","0","47.7","0",NA,"363.3","0",NA,"0.0","25","2.6","0",NA,"432.8","0.0","1113540"
"HOPE KAWKAWA LAKE","49.383","-121.400","BC","3.4","0",NA,"8.9","0","-3.9","0","40.1","0",NA,"287.7","0",NA,"","25","","",NA,"451.6","0.0","1113550"
"LILLOOET CEDAR FALLS","50.600","-121.867","BC","",,NA,"",,"",,"11.6","0",NA,"33.2","0",NA,"","7","","",NA,"","","1114621"
"LILLOOET SETON BCHPA","50.673","-121.924","BC","1.6","0","4.1","11.1","0","-7.2","0","13.0","0","134.0","44.8","0","108.0","","8","","",NA,"507.3","0.0","1114627"
"LYTTON","50.233","-121.583","BC","2.7","0",NA,"12.2","0","-7.2","0","16.5","0",NA,"47.3","0",NA,"0.0","11","31.6","0",NA,"473.4","0.0","1114741"
"PORCUPINE CREEK","51.033","-121.800","BC","-5.5","0",NA,"6.7","0","-18.9","0","76.8","0",NA,"76.8","0",NA,"","10","","",NA,"729.7","0.0","1116204"
"SHALALTH","50.728","-122.241","BC","3.9","0",NA,"12.2","0","-2.2","0","10.1","0",NA,"64.8","0",NA,"","14","","",NA,"438.2","0.0","1117215"
"BANKIER CHAIN LAKE","49.700","-120.283","BC","-4.0","0",NA,"3.9","0","-23.3","0","64.6","0",NA,"67.4","0",NA,"","16","","",NA,"680.5","0.0","1120633"
"ARAWANA","49.583","-119.567","BC","0.6","0",NA,"6.7","0","-8.9","0","15.2","0",NA,"57.8","0",NA,"","13","39.3","0",NA,"540.6","0.0","1120M47"
"HEDLEY","49.357","-120.077","BC","0.0","0","3.1","10.0","0","-12.2","0","6.5","0","25.0","21.7","0","65.0","0.0","6","","",NA,"559.1","0.0","1123360"
"HIGHLAND VALLEY BCCL","50.500","-121.000","BC","-4.4","3",NA,"6.1","2","-21.7","2","51.4","0",NA,"51.4","0",NA,"","12","","",NA,"626.9","0.0","1123468"
"HIGHLAND VALLEY LORNEX","50.467","-121.017","BC","-3.8","0","2.0","5.6","0","-15.0","0","30.6","0","80.0","30.6","0","75.0","","9","","",NA,"674.7","0.0","1123469"
"JOE RICH CREEK","49.857","-119.126","BC","-3.2","0","2.7","5.0","0","-19.4","0","54.8","0","135.0","60.4","0","127.0","","18","","",NA,"657.1","0.0","1123750"
"KELOWNA A","49.956","-119.378","BC","-1.0","0","1.6","7.2","0","-14.4","0","40.5","0","127.0","62.2","0","191.0","15.0","17","36.3","0","103.0","588.5","0.0","1123970"
"KELOWNA PC BURNETTS NURSERY","49.874","-119.484","BC","1.2","0","2.2","8.3","0","-11.7","0","36.4","0","158.0","66.4","0","206.0","","14","","",NA,"522.3","0.0","1123992"
"KEREMEOS","49.200","-119.817","BC","1.1","0",NA,"9.4","0","-11.7","0","9.4","0",NA,"30.1","0",NA,"","8","","",NA,"523.2","0.0","1124110"
"LOGAN LAKE","50.500","-120.817","BC","-3.4","5",NA,"7.2","5","-19.4","5","24.7","0",NA,"24.7","0",NA,"","9","","",NA,"555.7","0.0","1124668"
"MCCULLOCH","49.800","-119.200","BC","-5.5","0",NA,"2.2","0","-23.9","0","125.9","0",NA,"125.9","0",NA,"","18","26.1","0",NA,"727.2","0.0","1124980"
"MERRITT CRAIGMONT MINES","50.200","-120.883","BC","",,NA,"",,"",,"24.6","0",NA,"49.6","0",NA,"","10","","",NA,"","","1125075"
"MERRITT STP","50.114","-120.801","BC","0.3","0","3.9","10.0","0","-15.6","0","28.4","0","125.0","59.8","0","166.0","","9","","",NA,"549.5","0.0","1125079"
"MT KOBAU OBSERVATORY","49.117","-119.683","BC","-6.2","0",NA,"0.0","0","-13.9","0","57.3","0",NA,"57.3","0",NA,"","15","","",NA,"751.6","0.0","1125223"
"OKANAGAN CENTRE","50.056","-119.462","BC","2.7","12","2.8","8.3","12","-3.9","12","31.0","0","126.0","69.0","0","171.0","","19","","",NA,"289.8","0.0","1125700"
"OKANAGAN MISSION","49.800","-119.517","BC","",,NA,"",,"",,"32.0","0",NA,"61.8","0",NA,"","15","","",NA,"","","1125703"
"OLIVER","49.166","-119.564","BC","0.4","0","1.5","8.9","0","-13.9","0","6.4","0","35.0","30.8","0","83.0","","11","","",NA,"546.6","0.0","1125760"
"OLIVER STP","49.179","-119.545","BC","1.2","0","2.4","8.9","0","-11.1","0","7.1","0","39.0","26.1","0","76.0","","8","39.0","0","94.0","520.4","0.0","1125766"
"OSOYOOS","49.033","-119.433","BC","1.4","0",NA,"9.4","0","-11.7","0","13.2","0",NA,"45.3","0",NA,"","12","","",NA,"515.4","0.0","1125850"
"OSOYOOS WEST","49.032","-119.443","BC","1.3","0","2.2","10.6","0","-12.8","0","13.2","0","78.0","41.8","0","117.0","","10","","",NA,"516.6","0.0","1125865"
"OYAMA","50.117","-119.367","BC","",,NA,"",,"",,"44.2","0",NA,"75.8","0",NA,"","16","","",NA,"","","1125907"
"OKANAGAN FALLS 2S","49.317","-119.550","BC","",,NA,"",,"",,"6.4","0",NA,"36.2","0",NA,"","9","","",NA,"","","1125G0A"
"PEACHLAND","49.783","-119.715","BC","1.4","0",NA,"7.2","0","-8.3","0","26.2","0",NA,"73.4","0",NA,"","12","","",NA,"515.5","0.0","1126071"
"PEACHLAND BRENDA MINES","49.867","-120.000","BC","-5.1","0",NA,"0.6","0","-14.4","0","167.7","0",NA,"167.7","0",NA,"","24","34.2","0",NA,"715.4","0.0","1126077"
"PENTICTON A","49.463","-119.602","BC","1.5","0","2.6","8.9","0","-8.9","0","6.2","0","29.0","35.8","0","125.0","0.0","10","37.9","0","112.0","510.5","0.0","1126150"
"PRINCETON A","49.468","-120.512","BC","-2.8","0","2.8","6.1","0","-18.9","0","50.6","0","134.0","50.4","0","139.0","20.0","12","","",NA,"644.2","0.0","1126510"
"PRINCETON 8NE","49.533","-120.433","BC","",,NA,"",,"",,"48.2","0",NA,"67.3","0",NA,"","13","","",NA,"","","1126514"
"SIMILKAMEEN MINE","49.350","-120.550","BC","-2.6","0",NA,"3.3","0","-20.6","0","36.6","0",NA,"36.6","0",NA,"","11","","",NA,"638.6","0.0","1127360"
"SUMMERLAND CDA","49.567","-119.650","BC","0.7","0",NA,"7.8","0","-8.9","0","11.8","0",NA,"26.9","0",NA,"3.0","10","44.5","0",NA,"536.1","0.0","1127800"
"VERNON","50.233","-119.283","BC","-0.3","0",NA,"6.7","0","-11.1","0","52.7","0",NA,"68.3","0",NA,"","16","34.6","0",NA,"566.5","0.0","1128551"
"VERNON COLDSTREAM RANCH","50.217","-119.200","BC","-1.8","0","2.6","4.4","0","-14.4","0","52.3","0","126.0","68.4","0","139.0","","15","","",NA,"612.4","0.0","1128580"
"WINFIELD","50.037","-119.416","BC","0.1","0","2.1","6.7","0","-9.4","0","53.6","0","171.0","79.4","0","205.0","","18","","",NA,"555.1","0.0","1128958"
"VERNON SOUTH","50.250","-119.267","BC","-0.6","0",NA,"7.2","0","-15.0","0","46.5","0",NA,"79.6","0",NA,"","19","","",NA,"575.8","0.0","112HEHD"
"BEAVERDELL","49.423","-119.105","BC","",,NA,"",,"",,"51.0","0",NA,"119.9","0",NA,"","13","12.2","4.125",NA,"","","1130770"
"CHRISTIAN VALLEY","49.650","-118.750","BC","-4.4","0",NA,"2.8","0","-21.1","0","64.4","0",NA,"68.0","0",NA,"","12","","",NA,"693.8","0.0","1131615"
"GRAND FORKS","49.026","-118.466","BC","-2.2","0","2.0","7.8","0","-17.8","0","45.7","0","105.0","65.8","0","113.0","","15","","",NA,"625.7","0.0","1133270"
"GRAND FORKS PHOENIX","49.100","-118.583","BC","-5.3","0",NA,"2.8","0","-20.6","0","128.8","0",NA,"128.8","0",NA,"","21","","",NA,"723.1","0.0","1133274"
"GREENWOOD","49.100","-118.683","BC","-3.7","0",NA,"4.4","0","-18.9","0","126.9","0",NA,"151.0","0",NA,"","21","","",NA,"671.9","0.0","1133300"
"KETTLE VALLEY BCFS","49.067","-118.933","BC","-2.5","14",NA,"5.0","8","-20.0","11","37.0","0",NA,"76.0","0",NA,"","16","","",NA,"348.2","0.0","1134130"
"CASTLEGAR A","49.296","-117.633","BC","-0.5","0","1.6","6.7","0","-11.7","0","92.4","0","143.0","137.2","0","152.0","38.0","21","17.4","0","52.0","574.5","0.0","1141455"
"CASTLEGAR BCHPA DAM","49.343","-117.774","BC","0.9","0","2.3","7.2","0","-10.0","0","35.1","0","89.0","68.7","0","100.0","","11","","",NA,"531.0","0.0","1141457"
"COLUMBIA GARDENS NORTH","49.067","-117.600","BC","-0.8","0",NA,"6.7","0","-12.8","0","81.3","0",NA,"111.5","0",NA,"","15","","",NA,"582.6","0.0","1141803"
"CRESTON","49.097","-116.518","BC","0.2","0","2.5","7.8","0","-9.4","0","59.6","0","129.0","83.4","0","108.0","28.0","16","","",NA,"550.9","0.0","1142160"
"DEER PARK","49.417","-118.050","BC","0.9","0",NA,"7.2","0","-7.8","0","22.8","0",NA,"53.0","0",NA,"","13","","",NA,"530.3","0.0","1142400"
"DUNCAN LAKE DAM","50.242","-116.975","BC","-0.1","0","2.6","6.7","0","-11.7","0","54.2","0","93.0","100.0","0","109.0","","19","","",NA,"560.4","0.0","1142574"
"FAUQUIER","49.872","-118.068","BC","0.1","0","1.8","6.1","0","-8.3","0","56.8","0","120.0","82.5","0","112.0","","16","","",NA,"554.1","0.0","1142820"
"KASLO","49.914","-116.915","BC","-0.1","0","2.1","6.7","0","-11.1","0","85.1","0","130.0","159.3","0","144.0","","18","","",NA,"559.9","0.0","1143900"
"KOOTENAY BAY","49.667","-116.867","BC","1.0","0",NA,"6.7","0","-6.1","0","64.8","0",NA,"147.6","0",NA,"","20","","",NA,"526.8","0.0","1144388"
"KOOTENAY PASS","49.067","-117.033","BC","-7.5","0",NA,"0.0","0","-17.8","0","290.8","0",NA,"290.8","0",NA,"","24","","",NA,"790.8","0.0","1144413"
"LARDEAU","50.200","-116.967","BC","1.3","0",NA,"7.8","0","-6.1","0","43.1","0",NA,"74.4","0",NA,"","15","","",NA,"518.0","0.0","1144580"
"NAKUSP","50.250","-117.800","BC","0.3","0",NA,"6.1","0","-9.4","0","67.1","0",NA,"133.2","0",NA,"","20","","",NA,"548.3","0.0","1145300"
"NELSON 2","49.500","-117.283","BC","0.5","0",NA,"8.9","0","-9.4","0","81.2","0",NA,"120.5","0",NA,"","16","","",NA,"541.9","0.0","1145445"
"NELSON VOCATIONAL SCHOOL","49.483","-117.300","BC","-0.9","0",NA,"7.8","0","-11.1","0","123.1","0",NA,"135.4","0",NA,"","16","","",NA,"584.6","0.0","1145446"
"NEW DENVER","49.995","-117.375","BC","0.6","0","2.5","6.1","0","-8.3","0","52.2","0","95.0","111.4","0","118.0","","21","","",NA,"539.8","0.0","1145460"
"ROBSON","49.333","-117.700","BC","0.2","0",NA,"6.7","0","-9.4","0","68.1","0",NA,"140.4","0",NA,"","20","","",NA,"551.6","0.0","1146810"
"ROSSLAND MACLEAN","49.083","-117.800","BC","-3.0","0",NA,"3.3","0","-12.2","0","155.4","0",NA,"178.4","0",NA,"","22","","",NA,"649.5","0.0","1146874"
"SALMO BCFS","49.183","-117.300","BC","-2.7","11",NA,"5.0","5","-18.3","11","104.6","0",NA,"171.6","0",NA,"","16","","",NA,"414.1","0.0","1146944"
"SOUTH SLOCAN","49.460","-117.523","BC","-0.4","0",NA,"6.1","0","-12.2","0","98.3","0",NA,"179.3","0",NA,"","21","","",NA,"571.7","0.0","1147620"
"TRAIL TADANAC","49.098","-117.713","BC","","",NA,"","","","","","",NA,"","",NA,"","","6.8","0",NA,"","","1148214"
"TROUT LAKE","50.333","-117.500","BC","-1.9","0",NA,"4.4","0","-13.9","0","256.7","0",NA,"279.4","0",NA,"","22","","",NA,"617.7","0.0","1148262"
"WANETA","49.017","-117.583","BC","1.6","0",NA,"5.6","0","-6.1","0","61.1","0",NA,"74.6","0",NA,"","8","","",NA,"508.5","0.0","1148670"
"WARFIELD","49.100","-117.750","BC","-0.7","0","1.7","7.8","0","-11.1","0","83.6","0","145.0","149.3","0","162.0","","19","","",NA,"579.3","0.0","1148700"
"WYNNDEL NORTH","49.200","-116.583","BC","",,NA,"",,"",,"70.2","0",NA,"120.5","0",NA,"","17","","",NA,"","","1149001"
"YAHK","49.083","-116.100","BC","-1.4","0",NA,"5.6","0","-8.9","0","63.6","0",NA,"99.7","0",NA,"","18","","",NA,"600.1","0.0","114R00A"
"ABERFELDIE","49.500","-115.367","BC","-1.0","0",NA,"7.8","0","-14.4","0","24.8","0",NA,"47.3","0",NA,"","8","","",NA,"588.4","0.0","1150060"
"CANAL FLATS RANGER STN","50.150","-115.817","BC","-2.1","9",NA,"6.1","5","-18.3","9","18.6","0",NA,"41.7","0",NA,"","6","","",NA,"442.7","0.0","1151288"
"CRANBROOK A","49.610","-115.783","BC","-3.3","0","4.0","7.8","0","-18.9","0","33.0","0","96.0","28.6","0","87.0","15.0","6","69.6","0","134.0","659.0","0.0","1152102"
"CRANBROOK MAYOOK","49.450","-115.517","BC","-2.3","0",NA,"8.9","0","-22.2","0","21.7","0",NA,"30.6","0",NA,"","6","","",NA,"630.3","0.0","1152103"
"CRANBROOK MT BAKER","49.500","-115.733","BC","-3.2","0",NA,"5.6","0","-20.0","0","28.3","0",NA,"36.0","0",NA,"","6","","",NA,"656.1","0.0","1152104"
"ELKFORD","50.017","-114.917","BC","-5.2","0",NA,"3.9","0","-20.0","0","72.0","0",NA,"87.2","0",NA,"","11","","",NA,"718.0","0.0","1152653"
"ELKO","49.300","-115.117","BC","-1.1","0",NA,"7.2","0","-13.9","0","42.7","0",NA,"49.3","0",NA,"","11","","",NA,"592.8","0.0","1152670"
"FERNIE","49.489","-115.072","BC","-1.8","0","4.3","6.1","0","-19.4","0","98.1","0","125.0","144.9","0","123.0","","17","","",NA,"612.5","0.0","1152850"
"FORDING RIVER COMINCO","50.149","-114.855","BC","-7.4","0","3.9","2.2","0","-24.4","0","78.4","0","176.0","78.4","0","159.0","","13","","",NA,"787.1","0.0","1152899"
"FT STEELE DANDY CRK","49.524","-115.461","BC","-1.7","0",NA,"8.3","0","-18.3","0","19.7","0",NA,"35.8","0",NA,"","10","","",NA,"611.0","0.0","1153034"
"GRASMERE","49.083","-115.067","BC","1.0","0",NA,"7.2","0","-11.1","0","1.6","0",NA,"15.2","0",NA,"","6","","",NA,"528.2","0.0","1153282"
"KIMBERLEY CHAPMAN CAMP","49.683","-115.983","BC","-3.7","0",NA,"5.6","0","-16.7","0","55.7","0",NA,"68.7","0",NA,"","13","","",NA,"673.2","0.0","1154201"
"KIMBERLEY COMINCO","49.666","-115.959","BC","","",NA,"","","","","","",NA,"","",NA,"","","60.5","0",NA,"","","1154202"
"KOOTENAY NP KTNY CRSG","50.883","-116.051","BC","-11.3","22","-0.4","-2.2","22","-27.2","3","35.6","0","96.0","35.6","0","92.0","","8","","",NA,"264.0","0.0","1154400"
"KOOTENAY NP WEST GATE","50.631","-116.061","BC","-3.9","0","3.4","5.0","0","-15.0","0","20.8","0","81.0","23.1","0","77.0","","11","","",NA,"677.5","0.0","1154410"
"MARYSVILLE","49.638","-115.957","BC","-3.8","0","3.5","6.7","0","-18.3","0","49.7","0","113.0","55.5","0","113.0","","10","","",NA,"675.9","0.0","1154909"
"MOYIE","49.283","-115.833","BC","-1.2","0",NA,"5.0","0","-13.3","0","44.3","0",NA,"69.6","0",NA,"","15","","",NA,"594.4","0.0","1155236"
"NATAL HARMER RIDGE","49.767","-114.833","BC","-7.8","0",NA,"0.0","0","-20.0","0","85.5","0",NA,"85.5","0",NA,"","14","","",NA,"798.7","0.0","1155402"
"NATAL KAISER RESOURCES","49.750","-114.883","BC","-4.2","0",NA,"4.4","0","-20.6","0","43.1","0",NA,"65.2","0",NA,"","12","","",NA,"689.4","0.0","1155403"
"WARDNER KTNY HATCHERY","49.473","-115.459","BC","-1.8","0","3.8","7.2","0","-18.9","0","21.4","0","73.0","58.6","0","154.0","","10","","",NA,"615.2","0.0","1158692"
"WASA","49.824","-115.631","BC","",,"","",,"",,"9.0","0","36.0","11.5","0","38.0","","4","","",NA,"","","1158730"
"ADAMS LAKE SKWAAM BAY","51.083","-119.800","BC","0.0","0",NA,"8.3","0","-9.4","0","26.4","0",NA,"26.4","0",NA,"","6","","",NA,"559.5","0.0","1160075"
"ARMSTRONG","50.450","-119.183","BC","-1.1","0",NA,"6.7","0","-16.7","0","80.9","0",NA,"91.7","0",NA,"","16","","",NA,"593.0","0.0","1160450"
"ARMSTRONG NORTH","50.467","-119.133","BC","-1.6","0",NA,"6.7","0","-17.8","0","67.3","0",NA,"75.7","0",NA,"","14","","",NA,"606.6","0.0","1160485"
"ASHCROFT","50.733","-121.267","BC","-1.1","0",NA,"9.4","0","-14.4","0","10.1","0",NA,"21.3","0",NA,"","6","","",NA,"592.6","0.0","1160511"
"AVOLA","51.783","-119.333","BC","-1.9","0",NA,"6.1","0","-12.2","0","52.4","0",NA,"63.3","0",NA,"","14","","",NA,"615.7","0.0","1160565"
"BARRIERE","51.183","-120.117","BC","-1.5","0",NA,"6.7","0","-15.0","0","48.3","0",NA,"56.7","0",NA,"","15","","",NA,"605.8","0.0","1160670"
"BARRIERE NORTH","51.233","-120.150","BC","",,NA,"",,"",,"38.8","0",NA,"42.0","0",NA,"","11","","",NA,"","","1160673"
"BLUE RIVER A","52.129","-119.290","BC","-3.3","0","3.9","3.9","0","-16.1","0","156.3","0","151.0","135.2","0","153.0","89.0","19","20.5","0","70.0","658.8","0.0","1160899"
"BLUE RIVER NORTH","52.150","-119.283","BC","-2.8","0",NA,"2.2","0","-13.3","0","192.8","0",NA,"211.5","0",NA,"","23","","",NA,"645.1","0.0","1160900"
"DARFIELD","51.297","-120.183","BC","-1.2","0","2.8","7.8","0","-13.9","0","54.3","0","145.0","60.3","0","131.0","","13","","",NA,"595.1","0.0","1162265"
"EAGLE BAY","50.933","-119.217","BC","",,NA,"",,"",,"87.2","0",NA,"132.8","0",NA,"","18","","",NA,"","","1162580"
"ENDERBY","50.550","-119.150","BC","-0.7","0",NA,"6.7","0","-14.4","0","86.4","0",NA,"110.6","0",NA,"","13","","",NA,"578.9","0.0","1162680"
"ENDERBY ASHTON CREEK","50.550","-118.917","BC","-0.9","1",NA,"6.1","1","-13.3","0","68.2","0",NA,"95.7","0",NA,"","14","","",NA,"565.7","0.0","1162682"
"FALKLAND SALMON VALLEY","50.467","-119.400","BC","-0.7","0",NA,"6.7","0","-13.9","0","69.4","0",NA,"90.0","0",NA,"","17","","",NA,"580.9","0.0","1162784"
"FALKLAND SPANISH LAKE","50.500","-119.500","BC","-4.7","12",NA,"3.3","11","-16.7","12","69.9","11",NA,"71.9","11",NA,"","12","","",NA,"430.8","0.0","1162785"
"HAT CREEK","50.750","-121.583","BC","-5.0","0",NA,"9.4","0","-21.1","0","32.8","0",NA,"32.8","0",NA,"","6","","",NA,"712.9","0.0","1163340"
"HEFFLEY CREEK","50.917","-120.183","BC","-2.5","0",NA,"7.8","0","-15.6","0","51.7","0",NA,"56.3","0",NA,"","15","","",NA,"635.2","0.0","1163400"
"KAMLOOPS","50.667","-120.333","BC","0.6","0",NA,"8.9","0","-12.8","0","14.8","0",NA,"41.9","0",NA,"","8","","",NA,"538.5","0.0","1163779"
"KAMLOOPS A","50.702","-120.442","BC","0.2","0","2.9","10.0","0","-12.8","0","24.9","0","114.0","46.9","0","185.0","8.0","12","52.3","0","112.0","551.9","0.0","1163780"
"KAMLOOPS CDA","50.717","-120.450","BC","0.6","0",NA,"10.6","0","-10.6","0","18.8","0",NA,"48.7","0",NA,"","7","","",NA,"539.5","0.0","1163810"
"KAMLOOPS CHERRY CREEK 2","50.650","-120.583","BC","",,NA,"",,"",,"50.1","0",NA,"55.7","0",NA,"","11","","",NA,"","","1163815"
"KAMLOOPS VALLEYVIEW","50.675","-120.253","BC","",,NA,"",,"",,"22.0","0",NA,"49.6","0",NA,"","9","","",NA,"","","1163875"
"LAC DES ROCHES","51.500","-120.617","BC","-4.4","0",NA,"3.9","0","-18.3","0","66.0","0",NA,"66.0","0",NA,"","17","","",NA,"693.7","0.0","1164445"
"LITTLE FORT","51.450","-120.200","BC","",,NA,"",,"",,"65.0","0",NA,"70.6","0",NA,"","16","","",NA,"","","1164636"
"LOON LAKE","51.067","-121.333","BC","-2.9","0",NA,"7.2","0","-16.7","0","24.4","0",NA,"24.4","0",NA,"","7","","",NA,"648.2","0.0","1164717"
"LUMBY SIGALET RD","50.367","-118.767","BC","-1.4","0",NA,"7.2","0","-12.8","0","82.9","0",NA,"93.8","0",NA,"","18","","",NA,"602.1","0.0","1164730"
"MABEL LAKE","50.383","-118.783","BC","",,NA,"",,"",,"62.6","0",NA,"83.2","0",NA,"","16","","",NA,"","","1164770"
"MCLURE","51.047","-120.222","BC","",,"","",,"",,"56.8","0","155.0","68.4","0","146.0","","18","","",NA,"","","1165030"
"MT LOLO KAMLOOPS","50.800","-120.133","BC","-7.3","0",NA,"1.7","0","-15.6","0","47.0","0",NA,"47.0","0",NA,"","5","","",NA,"785.2","0.0","1165225"
"100 MILE HOUSE","51.647","-121.303","BC","-3.8","0","3.9","7.8","0","-20.6","0","32.9","0","70.0","32.9","0","68.0","","8","","",NA,"674.8","0.0","1165791"
"RED LAKE","50.933","-120.800","BC","-4.7","3","1.4","3.3","2","-20.6","2","71.4","0","156.0","71.4","0","154.0","","14","","",NA,"635.1","0.0","1166658"
"SALMON ARM","50.700","-119.250","BC","-0.1","0",NA,"5.6","0","-11.7","0","90.2","0",NA,"101.1","0",NA,"","19","12.3","0",NA,"562.3","0.0","1166945"
"SALMON ARM 2","50.700","-119.283","BC","-0.2","0",NA,"6.7","0","-12.8","0","83.3","0",NA,"133.6","0",NA,"","18","","",NA,"563.0","0.0","1166946"
"70 MILE HOUSE","51.300","-121.400","BC","-5.8","0",NA,"3.3","0","-28.9","0","46.7","0",NA,"46.7","0",NA,"","7","","",NA,"737.7","0.0","1167191"
"SEYMOUR ARM","51.250","-118.950","BC","-0.4","0",NA,"4.4","0","-7.2","0","141.4","0",NA,"167.6","0",NA,"","22","","",NA,"571.6","0.0","1167193"
"SICAMOUS","50.800","-119.000","BC","0.3","0",NA,"5.6","0","-7.2","0","122.9","0",NA,"154.8","0",NA,"","18","","",NA,"547.3","0.0","1167275"
"SORRENTO","50.883","-119.483","BC","",,NA,"",,"",,"61.5","0",NA,"95.5","0",NA,"","16","","",NA,"","","1167590"
"SORRENTO EAST","50.883","-119.400","BC","-0.1","0",NA,"6.1","0","-9.4","0","93.6","0",NA,"116.3","0",NA,"","18","","",NA,"560.7","0.0","1167592"
"VAVENBY","51.576","-119.778","BC","-1.3","0","3.4","7.8","0","-12.8","0","30.7","0","101.0","42.1","0","102.0","","12","","",NA,"598.7","0.0","1168520"
"WESTWOLD","50.470","-119.751","BC","-1.8","0","3.3","8.3","0","-18.3","0","39.5","0","135.0","46.4","0","129.0","","13","","",NA,"613.5","0.0","1168880"
"MONTE LAKE PAXTON VALLEY","50.533","-119.800","BC","-2.4","0",NA,"6.7","0","-20.6","0","60.4","0",NA,"66.3","0",NA,"","12","","",NA,"633.6","0.0","116NJ97"
"ALBREDA","52.667","-119.200","BC","-3.1","0",NA,"3.3","0","-17.8","0","42.5","0",NA,"52.1","0",NA,"","16","","",NA,"655.6","0.0","1170237"
"BRISCO","50.821","-116.258","BC","",,NA,"",,"",,"36.0","0",NA,"41.7","0",NA,"","13","","",NA,"","","1171020"
"BUGABOO CREEK LODGE","50.752","-116.706","BC","-7.2","0","4.8","1.1","0","-24.4","0","103.3","0","118.0","103.3","0","117.0","","15","","",NA,"780.4","0.0","1171105"
"CANOE RIVER","52.733","-119.383","BC","-6.7","5",NA,"0.6","4","-20.6","5","",,NA,"",,NA,"","","","",NA,"643.3","0.0","1171313"
"GLACIER NP ROGERS PASS","51.301","-117.516","BC","-5.9","0","3.3","0.0","0","-18.9","0","264.8","0","153.0","264.8","0","150.0","","25","","",NA,"740.2","0.0","1173191"
"GOLDEN A","51.298","-116.982","BC","-4.3","0","3.6","3.9","0","-17.2","0","41.9","0","99.0","41.9","0","95.0","","10","22.9","0","178.0","690.0","0.0","1173210"
"MICA DAM","52.053","-118.585","BC","-1.9","0","2.6","2.8","0","-12.8","0","271.8","0","176.0","298.3","0","166.0","","26","","",NA,"617.1","0.0","1175122"
"REVELSTOKE AIRPORT RD","50.953","-118.166","BC","-0.8","0",NA,"6.1","0","-11.7","0","147.2","0",NA,"145.6","0",NA,"30.0","21","14.1","0",NA,"581.4","0.0","1176751"
"SPILLIMACHEEN","50.917","-116.400","BC","-4.9","0",NA,"3.9","0","-18.3","0","40.0","0",NA,"43.8","0",NA,"","10","","",NA,"709.1","0.0","1177640"
"VALEMOUNT","52.817","-119.250","BC","-2.6","0",NA,"5.0","0","-21.1","0","23.2","0",NA,"23.4","0",NA,"","6","","",NA,"637.4","0.0","1178339"
"VALEMOUNT EAST","52.830","-119.254","BC","-2.3","8",NA,"4.4","6","-17.2","8","20.6","0",NA,"20.6","0",NA,"","6","","",NA,"466.2","0.0","11783L9"
"VALEMOUNT NORTH","52.850","-119.250","BC","",,NA,"",,"",,"44.3","0",NA,"44.3","0",NA,"","11","","",NA,"","","1178CL9"
"YOHO NP WAPTA LAKE","51.450","-116.333","BC","-8.8","1",NA,"-1.7","1","-29.4","0","100.3","0",NA,"100.3","0",NA,"","15","","",NA,"804.0","0.0","117900R"
"GLACIER NP MT FIDELITY","51.236","-117.718","BC","-7.5","0","1.5","-0.6","0","-16.7","0","392.7","0","170.0","392.7","0","170.0","","27","","",NA,"789.7","0.0","117CA90"
"YOHO NAT PARK BOULDER CR","51.383","-116.533","BC","-6.0","0",NA,"1.7","0","-18.9","0","64.2","0",NA,"64.2","0",NA,"","9","","",NA,"742.8","0.0","117R00F"
"ARRAS","55.733","-120.533","BC","-7.1","0",NA,"9.4","0","-27.8","0","13.2","0",NA,"13.2","0",NA,"","4","","",NA,"778.0","0.0","1180490"
"BALDONNEL","56.233","-120.683","BC","-6.4","0",NA,"6.1","0","-22.2","0","12.0","0",NA,"12.0","0",NA,"","5","","",NA,"757.2","0.0","1180585"
"CECIL LAKE CDA","56.333","-120.283","BC","-7.1","0",NA,"5.0","0","-21.7","0","9.0","0",NA,"9.0","0",NA,"","2","","",NA,"778.1","0.0","1181465"
"CHETWYND BCFS","55.700","-121.617","BC","-4.6","2",NA,"6.7","2","-18.3","1","12.6","0",NA,"12.9","0",NA,"","4","","",NA,"656.6","0.0","1181509"
"CHETWYND SUKUNKA","55.233","-121.650","BC","-4.0","18",NA,"7.8","13","-17.8","13","25.6","0",NA,"49.8","0",NA,"","8","","",NA,"286.1","0.0","1181510"
"DAWSON CREEK A","55.742","-120.182","BC","-6.0","0","5.1","7.8","0","-25.6","0","12.2","0","47.0","12.2","0","55.0","","4","","",NA,"742.6","0.0","1182285"
"FORT ST JOHN A","56.238","-120.740","BC","-6.5","0","4.9","6.1","0","-23.3","0","11.7","0","44.0","11.2","0","51.0","8.0","6","85.7","0","166.0","759.5","0.0","1183000"
"GERMANSEN LANDING","55.786","-124.701","BC","-6.9","0","4.9","5.0","0","-27.2","0","69.9","0","146.0","46.3","0","96.0","38.0","16","21.1","0","90.0","772.7","0.0","1183090"
"INGENIKA POINT","56.800","-124.900","BC","-6.4","0",NA,"2.8","0","-25.6","0","52.8","0",NA,"54.4","0",NA,"","14","","",NA,"757.1","0.0","1183651"
"HUDSON HOPE BCHPA DAM","56.017","-122.200","BC","-3.6","3",NA,"6.7","1","-17.2","2","10.4","27",NA,"10.4","27",NA,"","2","","",NA,"603.7","0.0","1183FL0"
"MACKENZIE A","55.305","-123.138","BC","-3.7","0",NA,"3.9","0","-20.6","0","88.9","0",NA,"89.1","0",NA,"64.0","15","26.1","0",NA,"672.0","0.0","1184790"
"PINE PASS","55.350","-122.600","BC","-4.7","0",NA,"2.2","0","-18.9","0","234.9","0",NA,"234.9","0",NA,"","20","","",NA,"702.7","0.0","1186171"
"PINK MOUNTAIN","57.000","-122.367","BC","-7.0","0",NA,"2.2","0","-23.9","0","7.1","0",NA,"7.1","0",NA,"","2","","",NA,"775.9","0.0","1186172"
"ROLLA","55.917","-120.067","BC","",,NA,"",,"",,"13.6","0",NA,"13.6","0",NA,"","4","","",NA,"","","1186839"
"ROSE PRAIRIE","56.650","-120.767","BC","-8.7","0",NA,"5.6","0","-26.1","0","6.8","0",NA,"6.8","0",NA,"","3","","",NA,"826.5","0.0","1186868"
"PINE PASS MT LEMORAY","55.539","-122.483","BC","-2.6","1",NA,"7.2","1","-20.6","0","55.2","0",NA,"74.3","0",NA,"","18","","",NA,"618.5","0.0","1186A71"
"SUMMIT LAKE BCFS","54.283","-122.633","BC","-5.4","13",NA,"4.4","9","-20.6","12","79.5","0",NA,"79.5","0",NA,"","11","","",NA,"421.1","0.0","1187861"
"TAYLOR FLATS","56.167","-120.688","BC","",,NA,"",,"",,"7.6","0","37.0","7.6","0","36.0","","4","","",NA,"","","1188020"
"WARE","57.433","-125.633","BC","-7.6","0",NA,"2.2","0","-33.3","0","68.2","0",NA,"68.2","0",NA,"","18","","",NA,"792.7","0.0","1188696"
"WONOWON","56.733","-121.800","BC","-6.9","0",NA,"4.4","0","-21.1","0","10.1","0",NA,"10.1","0",NA,"","3","","",NA,"770.5","0.0","1188973"
"BUCKINGHORSE RIVER","57.383","-122.867","BC","-9.8","0",NA,"7.2","0","-30.0","0","8.0","0",NA,"8.0","0",NA,"","4","","",NA,"860.5","0.0","1191101"
"CASSIAR","59.283","-129.833","BC","-10.1","4",NA,"1.7","1","-23.3","4","75.7","0",NA,"75.7","0",NA,"","12","","",NA,"757.5","0.0","1191440"
"DEASE LAKE","58.428","-130.011","BC","-9.1","0","5.4","4.4","0","-25.0","0","35.7","0","96.0","27.4","0","95.0","28.0","9","17.3","0","46.0","838.9","0.0","1192340"
"FORT NELSON A","58.836","-122.597","BC","-18.3","0","0.4","7.2","0","-28.3","0","19.8","0","74.0","11.2","0","62.0","18.0","5","","",NA,"1125.5","0.0","1192940"
"GOOD HOPE LAKE","59.300","-129.283","BC","-8.7","0",NA,"6.7","0","-25.0","0","26.5","0",NA,"26.5","0",NA,"","10","","",NA,"828.1","0.0","1193245"
"LOWER POST","59.933","-128.500","BC","-16.1","1",NA,"4.4","1","-27.2","0","26.8","0",NA,"26.8","0",NA,"","10","","",NA,"1021.6","0.0","1194722"
"MUNCHO LAKE","58.930","-125.767","BC","-6.9","0","4.4","7.8","0","-26.1","0","23.9","0","87.0","23.9","0","85.0","","4","","",NA,"770.9","0.0","1195250"
"PROPHET RIVER","58.217","-122.783","BC","-14.3","0",NA,"8.3","0","-28.9","0","6.8","0",NA,"6.8","0",NA,"","3","","",NA,"1000.1","0.0","1196543"
"SIERRA","58.833","-121.417","BC","-15.3","5",NA,"4.4","2","-28.9","3","10.6","0",NA,"10.6","0",NA,"","4","","",NA,"867.0","0.0","1197331"
"ATLIN","59.567","-133.700","BC","-4.4","0","3.7","4.4","0","-15.6","0","19.0","0","57.0","33.2","0","91.0","","10","","",NA,"693.6","0.0","1200560"
"GRAHAM INLET","59.600","-134.183","BC","-8.5","0",NA,"2.2","0","-21.7","0","33.8","0",NA,"33.8","0",NA,"","8","","",NA,"820.0","0.0","1203255"
"MULE CREEK","59.783","-136.600","BC","-9.5","0",NA,"1.1","0","-24.4","0","168.7","0",NA,"168.7","0",NA,"","21","","",NA,"852.2","0.0","1205248"
"PLEASANT CAMP","59.450","-136.367","BC","-5.1","3","1.3","2.8","3","-14.4","2","299.6","0","169.0","383.2","0","176.0","","22","","",NA,"645.8","0.0","1206197"
"TELEGRAPH CREEK","57.900","-131.167","BC","-5.8","0",NA,"4.4","0","-14.4","0","26.8","0",NA,"38.8","0",NA,"","12","","",NA,"739.2","0.0","1208040"
"TODAGIN RANCH","57.600","-130.067","BC","-7.7","0",NA,"3.3","0","-25.6","0","29.2","0",NA,"29.2","0",NA,"","9","","",NA,"798.1","0.0","1208202"
"ANVIL","62.367","-133.383","YT","-10.9","0",NA,"1.1","0","-23.9","0","32.9","0",NA,"35.4","0",NA,"","9","","",NA,"895.0","0.0","2100120"
"BEAVER CREEK A","62.410","-140.868","YT","-24.7","0","-1.1","-12.2","0","-41.7","0","15.6","0","122.0","14.1","0","104.0","20.0","1","","",NA,"1323.1","0.0","2100160"
"BOUNDARY","64.233","-140.350","YT","-17.7","16",NA,"-6.1","10","-31.7","11","64.0","0",NA,"64.0","0",NA,"","10","","",NA,"535.0","0.0","2100165"
"BRAEBURN","61.467","-135.783","YT","-14.8","0",NA,"3.3","0","-33.3","0","23.6","0",NA,"23.6","0",NA,"","10","","",NA,"1015.8","0.0","2100167"
"BURWASH A","61.367","-139.050","YT","-17.8","0","0.0","1.7","0","-36.7","0","5.6","0","37.0","4.8","0","47.0","3.0","1","","",NA,"1109.4","0.0","2100182"
"CARCROSS","60.183","-134.700","YT","-7.9","0","3.7","5.0","0","-26.1","0","22.9","0","102.0","37.0","0","164.0","","6","","",NA,"802.6","0.0","2100200"
"CARMACKS","62.100","-136.300","YT","-14.5","0",NA,"2.2","0","-32.2","0","34.2","0",NA,"34.2","0",NA,"","12","","",NA,"1006.1","0.0","2100300"
"CLINTON CREEK","64.467","-140.733","YT","-20.4","12",NA,"-7.8","6","-41.7","11","53.1","0",NA,"53.1","0",NA,"","16","","",NA,"729.6","0.0","2100366"
"DAWSON","64.050","-139.433","YT","-20.6","0",NA,"-7.8","0","-40.6","0","58.2","0",NA,"41.2","0",NA,"81.0","13","","",NA,"1196.0","0.0","2100400"
"DEMPSTER 203","66.117","-137.250","YT","-28.3","16",NA,"-17.8","14","-40.0","15","12.5","13",NA,"12.5","13",NA,"","3","","",NA,"693.9","0.0","2100415"
"DEZADEASH","60.367","-137.050","YT","-11.0","0",NA,"1.7","0","-28.9","0","98.7","0",NA,"98.7","0",NA,"","11","","",NA,"900.0","0.0","2100430"
"DRURY CREEK","62.202","-134.390","YT","-12.0","3",NA,"5.0","2","-31.7","2","39.1","0","161.0","39.1","0","163.0","","10","","",NA,"839.1","0.0","2100460"
"ELSA","63.917","-135.483","YT","-16.0","0",NA,"0.0","0","-33.3","0","82.7","0",NA,"82.7","0",NA,"","15","","",NA,"1054.8","0.0","2100500"
"FARO","62.233","-133.350","YT","-14.6","1",NA,"3.9","1","-28.9","1","21.0","1",NA,"21.3","1",NA,"15.0","10","","",NA,"977.2","0.0","2100516"
"HAINES JUNCTION","60.750","-137.583","YT","-13.3","0",NA,"7.2","0","-32.8","0","65.2","0",NA,"65.2","0",NA,"51.0","14","0.8","0",NA,"971.6","0.0","2100630"
"JOHNSONS CROSSING","60.483","-133.300","YT","-9.8","0",NA,"2.8","0","-30.6","0","28.5","0",NA,"28.5","0",NA,"","12","","",NA,"861.9","0.0","2100670"
"KENO HILL","63.933","-135.200","YT","-13.0","0",NA,"-2.8","0","-28.9","0","97.6","0",NA,"97.6","0",NA,"","22","","",NA,"959.7","0.0","2100677"
"KLONDIKE","64.450","-138.217","YT","-20.9","15",NA,"-3.3","9","-40.6","9","66.5","0",NA,"66.5","0",NA,"","8","","",NA,"621.8","0.0","2100679"
"KLUANE LAKE","61.017","-138.400","YT","-14.2","0",NA,"2.8","0","-32.2","0","23.3","0",NA,"23.3","0",NA,"","7","","",NA,"997.0","0.0","2100680"
"KOMAKUK BEACH A","69.583","-140.183","YT","-32.8","0",NA,"-22.2","0","-43.9","0","1.9","0",NA,"1.9","0",NA,"13.0","0","","",NA,"1575.0","0.0","2100685"
"MAYO A","63.617","-135.867","YT","-16.4","0","3.5","2.8","0","-40.6","0","40.5","0","136.0","35.2","0","178.0","43.0","14","","",NA,"1067.5","0.0","2100700"
"OGILVIE RIVER","65.350","-138.317","YT","-31.1","16",NA,"-18.9","11","-52.8","10","31.7","0",NA,"31.7","0",NA,"","10","","",NA,"736.7","0.0","2100794"
"OLD CROW A","67.569","-139.839","YT","-30.6","2","-5.5","-17.2","1","-55.6","1","14.3","0","76.0","15.1","0","91.0","","7","","",NA,"1409.5","0.0","2100800"
"PELLY RANCH","62.817","-137.367","YT","-17.6","0","4.3","7.8","0","-40.0","0","30.6","0","158.0","30.6","0","158.0","","10","0.0","30.9583333333333333333333333333333333333",NA,"1102.9","0.0","2100880"
"ROSS RIVER A","61.967","-132.433","YT","-20.9","16",NA,"2.2","11","-34.4","10","14.5","0",NA,"14.5","0",NA,"","5","","",NA,"583.4","0.0","2100940"
"SHINGLE POINT A","68.950","-137.217","YT","-30.4","0",NA,"-1.1","0","-42.8","0","7.6","0",NA,"7.6","0",NA,"51.0","3","","",NA,"1501.7","0.0","2100950"
"STEWART CROSSING","63.383","-136.683","YT","-15.9","1",NA,"2.2","0","-38.9","1","35.5","0","138.0","35.5","0","138.0","","9","","",NA,"1018.1","0.0","2101030"
"SWIFT RIVER","60.000","-131.183","BC","-12.5","3",NA,"2.2","1","-26.1","2","64.0","0",NA,"64.0","0",NA,"","15","","",NA,"854.3","0.0","2101081"
"TESLIN A","60.173","-132.743","YT","-8.6","0","4.8","4.4","0","-22.8","0","19.7","0","73.0","18.5","0","73.0","18.0","8","","",NA,"823.5","0.0","2101100"
"TUCHITUA","60.933","-129.217","YT","-15.8","0",NA,"3.3","0","-31.1","0","89.2","0",NA,"89.2","0",NA,"","15","","",NA,"1046.9","0.0","2101135"
"WATSON LAKE A","60.118","-128.822","YT","-16.0","0","4.8","2.8","0","-30.6","0","31.1","0","88.0","20.3","0","73.0","25.0","7","2.7","0","12.0","1052.5","0.0","2101200"
"WHITEHORSE A","60.710","-135.068","YT","-9.4","0","3.1","2.8","0","-28.9","0","34.5","0","147.0","26.3","0","161.0","30.0","9","2.2","0","8.0","849.4","0.0","2101300"
"WHITEHORSE RIVERDALE","60.717","-135.017","YT","-9.3","0","4.0","3.9","0","-28.3","0","30.7","0","152.0","30.7","0","151.0","","9","","",NA,"845.2","0.0","2101400"
"ARCTIC RED RIVER","67.450","-133.733","NT","-31.8","0",NA,"-19.4","0","-50.6","0","58.2","0",NA,"58.2","0",NA,"","14","","",NA,"1543.4","0.0","2200412"
"CAPE PARRY A","70.167","-124.717","NT","-30.7","0",NA,"-21.1","0","-41.7","0","16.6","0",NA,"9.1","0",NA,"13.0","3","","",NA,"1509.3","0.0","2200675"
"FORT GOOD HOPE A","66.241","-128.651","NT","-31.8","0",NA,"-19.4","0","-47.8","0","28.9","0",NA,"28.9","0",NA,"","10","","",NA,"1542.4","0.0","2201400"
"FORT LIARD A","60.235","-123.467","NT","-20.4","0","-1.4","6.7","0","-32.2","0","23.5","0","104.0","23.5","0","111.0","","6","","",NA,"1191.4","0.0","2201575"
"FORT MCPHERSON","67.433","-134.883","NT","-31.0","0",NA,"-20.0","0","-49.4","0","27.5","0",NA,"27.5","0",NA,"","9","","",NA,"1519.0","0.0","2201600"
"FORT PROVIDENCE","61.333","-117.667","NT","-21.2","0",NA,"1.7","0","-37.2","0","48.4","0",NA,"48.4","0",NA,"","10","","",NA,"1214.5","0.0","2201800"
"FORT RELIANCE","62.717","-109.167","NT","-19.4","0",NA,"-7.2","0","-35.0","0","52.0","0",NA,"29.3","0",NA,"43.0","10","","",NA,"1159.3","0.0","2201900"
"FORT RESOLUTION A","61.181","-113.690","NT","-17.7","0",NA,"-0.6","0","-32.8","0","43.1","0",NA,"37.5","0",NA,"","10","","",NA,"1106.4","0.0","2202000"
"FORT SIMPSON","61.867","-121.350","NT","","",NA,"","","","","","",NA,"","",NA,"","","21.5","0",NA,"","","2202100"
"FORT SIMPSON A","61.760","-121.237","NT","-23.8","0","-2.1","1.7","0","-37.2","0","59.3","0","244.0","38.0","0","199.0","64.0","11","21.5","0","72.0","1296.2","0.0","2202101"
"FORT SMITH A","60.022","-111.960","NT","-15.1","0","4.2","3.3","0","-29.4","0","45.2","0","190.0","39.0","0","235.0","36.0","12","18.8","0",NA,"1025.4","0.0","2202200"
"HAY RIVER A","60.840","-115.783","NT","-17.9","0","0.9","3.9","0","-32.8","0","39.8","0","192.0","34.5","0","205.0","43.0","10","","",NA,"1112.4","0.0","2202400"
"HAY RIVER PARADISE GDNS","60.650","-116.000","NT","-18.2","0",NA,"3.9","0","-35.0","0","27.6","0",NA,"27.6","0",NA,"","5","","",NA,"1121.5","0.0","2202405"
"HORN RIVER","61.500","-118.033","NT","-22.5","0",NA,"1.1","0","-37.2","0","56.5","0",NA,"56.5","0",NA,"","13","","",NA,"1256.0","0.0","2202518"
"INUVIK A","68.304","-133.483","NT","-31.7","0","-7.6","-17.8","0","-47.2","0","23.8","0","122.0","20.4","0","138.0","56.0","10","0.0","30.9583333333333333333333333333333333333",NA,"1540.0","0.0","2202570"
"INUVIK UA","68.317","-133.517","NT","","",NA,"","","","","","",NA,"","",NA,"","","0.0","25",NA,"","","2202582"
"NAHANNI VALLEY","61.050","-123.367","NT","-22.2","0",NA,"7.2","0","-37.2","0","36.8","0",NA,"36.8","0",NA,"","7","","",NA,"1245.0","0.0","2202727"
"NICHOLSON PENINSULA","69.933","-128.967","NT","-31.2","0",NA,"-17.8","0","-43.9","0","8.9","0",NA,"8.9","0",NA,"23.0","2","","",NA,"1525.3","0.0","2202750"
"NORMAN WELLS A","65.283","-126.800","NT","-28.9","0","-5.6","-16.7","0","-41.7","0","19.4","0","75.0","19.4","0","107.0","53.0","8","2.0",".04166666666666666666666666666666666667",NA,"1454.7","0.0","2202800"
"TSICHU RIVER","63.300","-129.817","NT","-17.4","0",NA,"-2.2","0","-30.6","0","62.4","1",NA,"62.4","1",NA,"","18","","",NA,"1096.4","0.0","2203891"
"TUKTOYAKTUK","69.450","-133.000","NT","-30.3","0",NA,"-16.7","0","-43.9","0","15.7","0",NA,"15.4","0",NA,"30.0","5","","",NA,"1497.8","0.0","2203910"
"TUKTOYAKTUK A","69.433","-133.017","NT","-30.9","0","-7.0","-17.2","0","-46.7","0","13.8","0","123.0","13.8","0","158.0","","7","","",NA,"1514.7","0.0","2203912"
"TUNGSTEN","61.950","-128.250","NT","-13.8","0",NA,"-0.6","0","-26.7","0","58.8","0",NA,"58.8","0",NA,"","16","","",NA,"984.4","0.0","2203922"
"WRIGLEY A","63.209","-123.437","NT","-26.0","0",NA,"-12.8","0","-40.0","0","28.6","0",NA,"28.6","0",NA,"","7","","",NA,"1364.9","0.0","2204000"
"YELLOWKNIFE A","62.463","-114.440","NT","-20.7","0","1.1","-6.7","0","-35.6","0","61.0","0","260.0","45.9","0","284.0","58.0","14","7.5","0","30.0","1198.4","0.0","2204100"
"YELLOWKNIFE HYDRO","62.667","-114.250","NT","-20.5","0",NA,"-0.6","0","-37.2","0","51.9","0",NA,"51.9","0",NA,"","16","","",NA,"1193.5","0.0","2204200"
"YOHIN","61.242","-123.742","NT","-31.5","0",NA,"-16.1","0","-41.7","0","12.8","0",NA,"12.8","0",NA,"25.0","7","","",NA,"1534.5","0.0","2204300"
"LITTLE DOCTOR LAKE","61.900","-123.250","NT","-24.6","0",NA,"5.6","0","-37.2","0","33.0","0",NA,"33.0","0",NA,"","7","","",NA,"1320.6","0.0","220BFH3"
"BAKER LAKE A","64.299","-96.078","NU","-25.9","0","0.9","-8.9","0","-38.9","0","21.7","0","161.0","21.3","0","192.0","74.0","10","4.3","0","27.0","1359.7","0.0","2300500"
"CHESTERFIELD","63.333","-90.717","NU","-24.8","0",NA,"-10.6","0","-37.2","0","27.0","0",NA,"26.3","0",NA,"94.0","4","","",NA,"1328.2","0.0","2300700"
"CLINTON POINT","69.583","-120.800","NU","-29.2","0",NA,"-20.6","0","-40.0","0","11.5","0",NA,"11.5","0",NA,"25.0","4","","",NA,"1461.7","0.0","2300750"
"CONTWOYTO LAKE","65.483","-110.367","NU","-25.9","0",NA,"-17.8","0","-37.8","0","12.0","0",NA,"12.0","0",NA,"48.0","5","","",NA,"1361.9","0.0","2300850"
"COPPERMINE","67.833","-115.117","NU","-29.6","0",NA,"-8.9","0","-42.8","0","18.6","0",NA,"18.6","0",NA,"48.0","10","0.0","17",NA,"1474.9","0.0","2300900"
"ARVIAT A","61.100","-94.067","NU","-20.8","29","3.4","-14.4","29","-36.1","22","",,NA,"",,NA,"","","","",NA,"77.5","0.0","2300MKF"
"CORAL HARBOUR A","64.193","-83.359","NU","-26.8","0","-2.4","-13.3","0","-38.9","0","8.4","0","57.0","5.8","0","39.0","48.0","2","36.7","0","196.0","1389.5","0.0","2301000"
"ENNADAI LAKE","61.133","-100.900","NU","-20.9","0",NA,"-4.4","0","-33.3","0","16.2","0",NA,"16.2","0",NA,"38.0","9","","",NA,"1204.8","0.0","2301100"
"JENNY LIND ISLAND A","68.650","-101.733","NU","-30.4","0",NA,"-10.6","0","-47.2","0","2.6","0",NA,"2.6","0",NA,"23.0","1","","",NA,"1500.3","0.0","2302650"
"LADY FRANKLIN POINT A","68.500","-113.217","NU","-30.1","0",NA,"-15.0","0","-41.1","0","5.3","0",NA,"5.3","0",NA,"18.0","2","","",NA,"1490.7","0.0","2302680"
"PELLY BAY","68.433","-89.717","NU","-28.3","0",NA,"-11.1","0","-39.4","0","22.1","0",NA,"22.1","0",NA,"66.0","4","","",NA,"1435.8","0.0","2303090"
"SHEPHERD BAY A","68.817","-93.433","NU","-31.2","0",NA,"-10.0","0","-41.7","0","0.0","0",NA,"0.0","0",NA,"36.0","0","","",NA,"1523.8","0.0","2303685"
"WHALE COVE","62.183","-92.600","NU","-21.7","0",NA,"-10.0","0","-35.6","0","7.1","0",NA,"7.1","0",NA,"","3","","",NA,"1231.1","0.0","2303985"
"ALERT","82.518","-62.281","NU","-31.8","0","-2.5","-16.7","0","-42.2","0","4.1","0","44.0","4.1","0","61.0","18.0","2","","",NA,"1545.2","0.0","2400300"
"ARCTIC BAY","73.033","-85.150","NU","-30.1","0",NA,"-13.3","0","-38.3","0","7.7","0",NA,"7.7","0",NA,"20.0","2","","",NA,"1491.2","0.0","2400400"
"BREVOORT ISLAND","63.340","-64.146","NU","-21.7","0",NA,"-11.1","0","-30.6","0","2.0","0",NA,"2.0","0",NA,"89.0","1","","",NA,"1232.2","0.0","2400565"
"FOX FIVE","67.536","-63.789","NU","-25.6","0",NA,"-12.2","0","-34.4","0","1.8","0",NA,"1.8","0",NA,"99.0","1","","",NA,"1353.0","0.0","2400570"
"BYRON BAY A","68.750","-109.067","NU","-30.8","0",NA,"-17.8","0","-41.1","0","0.8","0",NA,"0.8","0",NA,"20.0","0","","",NA,"1514.2","0.0","2400595"
"CAMBRIDGE BAY A","69.108","-105.138","NU","-31.9","0","-3.6","-15.6","0","-41.7","0","4.3","0","63.0","3.4","0","56.0","13.0","1","0.0","30.9583333333333333333333333333333333333",NA,"1547.9","0.0","2400600"
"CAPE DORSET A","64.230","-76.527","NU","","","","","","","","","",NA,"","",NA,"","","0.0","0",NA,"","","2400635"
"CAPE DYER A","66.583","-61.617","NU","-27.6","0",NA,"-14.4","0","-40.0","0","9.6","0",NA,"5.2","0",NA,"66.0","2","","",NA,"1414.2","0.0","2400654"
"CAPE HOOPER","68.473","-66.815","NU","-25.9","0",NA,"-12.2","0","-35.0","0","9.4","0",NA,"9.4","0",NA,"119.0","4","","",NA,"1360.6","0.0","2400660"
"CLYDE A","70.486","-68.517","NU","-28.8","0","-4.7","-13.3","0","-38.3","0","0.8","0","5.0","0.8","0",NA,"23.0","0","","",NA,"1450.7","0.0","2400800"
"DEWAR LAKES","68.650","-71.167","NU","-29.8","0",NA,"-17.2","0","-43.3","0","4.7","0",NA,"4.7","0",NA,"71.0","2","","",NA,"1480.4","0.0","2401030"
"EUREKA","79.983","-85.933","NU","-34.1","0","-0.9","-17.2","0","-48.3","0","4.0","0","74.0","4.0","0","110.0","10.0","1","","",NA,"1616.2","0.0","2401200"
"GLADMAN POINT A","68.667","-97.800","NU","-31.0","0",NA,"-10.6","0","-40.6","0","3.6","0",NA,"3.6","0",NA,"25.0","2","","",NA,"1520.5","0.0","2402340"
"GRISE FIORD","76.417","-82.950","NU","-31.2","0",NA,"-17.8","0","-41.1","0","1.3","0",NA,"1.3","0",NA,"","1","","",NA,"1524.5","0.0","2402345"
"HALL BEACH A","68.776","-81.244","NU","-29.3","0","-2.7","-12.2","0","-40.6","0","5.7","0","54.0","5.7","0","61.0","20.0","3","","",NA,"1466.5","0.0","2402350"
"IQALUIT A","63.750","-68.550","NU","-27.9","0","-6.6","-12.2","0","-38.9","0","3.3","0","14.0","1.3","0","7.0","20.0","1","47.1","0","373.0","1421.6","0.0","2402590"
"ISACHSEN","78.783","-103.533","NU","-37.2","0",NA,"-18.3","0","-52.2","0","0.6","0",NA,"0.6","0",NA,"15.0","0","","",NA,"1712.2","0.0","2402600"
"LONGSTAFF BLUFF","68.899","-75.141","NU","-31.0","0",NA,"-14.4","0","-41.1","0","4.8","0",NA,"4.8","0",NA,"28.0","2","","",NA,"1520.2","0.0","2402684"
"MACKAR INLET","68.300","-85.667","NU","-27.9","0",NA,"-13.3","0","-38.3","0","0.0","0",NA,"0.0","0",NA,"91.0","0","","",NA,"1422.5","0.0","2402686"
"REA POINT","75.367","-105.717","NU","-33.6","0",NA,"-15.0","0","-44.4","0","3.2","0",NA,"3.2","0",NA,"10.0","1","","",NA,"1600.8","0.0","2403450"
"RESOLUTE CARS","74.717","-94.986","NU","-31.4","0","-3.5","-13.9","0","-41.1","0","7.3","0","111.0","6.8","0","119.0","20.0","3","","",NA,"1532.1","0.0","2403500"
"RESOLUTION ISLAND","61.600","-64.633","NU","-18.8","0",NA,"-10.0","0","-26.1","0","12.9","0",NA,"12.9","0",NA,"71.0","6","","",NA,"1139.7","0.0","2403602"
"SPENCE BAY","69.533","-93.517","NU","-29.1","0",NA,"-9.4","0","-41.1","0","2.1","0",NA,"2.1","0",NA,"","1","","",NA,"1459.1","0.0","2403800"
"JOHNSON POINT A","72.767","-118.500","NT","-34.0","0",NA,"-21.1","0","-43.3","0","6.4","0",NA,"6.4","0",NA,"18.0","3","","",NA,"1612.7","0.0","2502657"
"MOULD BAY A","76.233","-119.333","NT","-35.7","0",NA,"-21.7","0","-45.6","0","10.2","0",NA,"10.0","0",NA,"20.0","3","","",NA,"1663.7","0.0","2502700"
"SACHS HARBOUR A","72.000","-125.267","NT","-32.6","0","-7.5","-21.1","0","-45.0","0","6.7","0","81.0","6.7","0","96.0","5.0","5","","",NA,"1568.0","0.0","2503650"
"ALLIANCE","52.433","-111.783","AB","-5.3","0",NA,"7.2","0","-19.4","0","15.4","0",NA,"15.4","0",NA,"25.0","3","","",NA,"721.6","0.0","3010160"
"AMISK","52.683","-111.117","AB","-5.9","0",NA,"7.8","0","-21.1","0","24.1","0",NA,"24.1","0",NA,"","2","","",NA,"740.8","0.0","3010232"
"ANDREW","54.017","-112.233","AB","-6.5","1","5.3","6.7","1","-20.6","0","17.5","0","128.0","17.5","0","128.0","","2","","",NA,"734.1","0.0","3010234"
"BRETON","53.167","-114.483","AB","-3.8","1",NA,"11.7","1","-20.0","0","18.3","0",NA,"18.3","0",NA,"","2","","",NA,"653.0","0.0","3010815"
"BRIGHTVIEW","52.983","-113.717","AB","-3.9","0","4.9","8.3","0","-18.3","0","21.1","0","142.0","21.1","0","135.0","13.0","2","","",NA,"679.9","0.0","3010830"
"BROWNFIELD","52.319","-111.469","AB","-6.8","0","3.6","6.7","0","-22.8","0","39.9","0","187.0","39.9","0","182.0","","4","","",NA,"769.2","0.0","3010890"
"CALMAR","53.283","-113.850","AB","-4.9","0","4.7","7.2","0","-23.9","0","16.9","0","118.0","16.9","0","113.0","","2","","",NA,"708.9","0.0","3011120"
"CALMAR WEST","53.283","-113.867","AB","",,NA,"",,"",,"17.5","0",NA,"17.5","0",NA,"","2","","",NA,"","","3011138"
"CAMROSE","53.033","-112.817","AB","-6.1","0","3.8","5.6","0","-24.4","0","24.2","0","155.0","24.2","0","157.0","","3","","",NA,"747.7","0.0","3011240"
"CAMROSE 2","52.950","-112.800","AB","",,NA,"",,"",,"23.5","0",NA,"23.5","0",NA,"","2","","",NA,"","","3011241"
"CASTOR","52.133","-111.900","AB","",,NA,"",,"",,"35.6","0",NA,"35.6","0",NA,"","2","","",NA,"","","3011441"
"CHEDDERVILLE CDA EPF","52.200","-114.867","AB","-2.8","0",NA,"10.0","0","-18.3","0","21.6","0",NA,"21.6","0",NA,"","4","","",NA,"645.3","0.0","3011520"
"CLEARWATER","51.983","-115.250","AB","-2.5","8",NA,"13.3","6","-22.2","5","12.7","0",NA,"12.7","0",NA,"","3","","",NA,"472.1","0.0","3011663"
"CONSORT CDA EPF","52.033","-110.800","AB","",,NA,"",,"",,"29.1","0",NA,"29.1","0",NA,"","3","","",NA,"","","3011820"
"CORONATION A","52.067","-111.450","AB","-5.7","0",NA,"7.8","0","-21.7","0","37.4","0",NA,"31.2","0",NA,"25.0","3","","",NA,"735.1","0.0","3011880"
"DAKOTA","52.733","-113.917","AB","",,NA,"",,"",,"13.7","0",NA,"13.7","0",NA,"","4","","",NA,"","","3011952"
"DAKOTA WEST","52.750","-113.950","AB","-4.7","0","3.7","11.1","0","-22.2","0","16.8","0","127.0","16.8","0","119.0","","3","","",NA,"703.8","0.0","3011953"
"DRAYTON VALLEY","53.200","-114.983","AB","-3.5","0",NA,"8.3","0","-18.3","0","7.6","0",NA,"7.6","0",NA,"","1","","",NA,"665.5","0.0","3012115"
"EDBERG","52.733","-112.783","AB","",,NA,"",,"",,"21.1","0",NA,"21.1","0",NA,"","2","","",NA,"","","3012190"
"EDMONTON INT'L A","53.317","-113.583","AB","-6.0","0","5.0","6.7","0","-24.4","0","20.3","0","128.0","21.4","0","148.0","13.0","2","66.9","0","73.0","743.4","0.0","3012205"
"EDMONTON LYNNWOOD","53.533","-113.567","AB","",,NA,"",,"",,"30.8","0",NA,"30.8","0",NA,"","2","","",NA,"","","3012207"
"EDMONTON CITY CENTRE A","53.573","-113.518","AB","-3.8","0","5.1","7.8","0","-18.3","0","21.7","0","133.0","24.6","0","164.0","8.0","2","56.1","0","66.0","674.5","0.0","3012208"
"EDMONTON NAMAO A","53.667","-113.467","AB","-4.8","0",NA,"6.1","0","-19.4","0","29.8","0",NA,"29.8","0",NA,"8.0","2","","",NA,"705.4","0.0","3012210"
"EDMONTON STONY PLAIN","53.548","-114.108","AB","-4.0","0","4.9","7.2","0","-18.3","0","26.3","0","138.0","26.3","0","156.0","","3","","",NA,"683.3","0.0","301222F"
"EDMONTON WOODBEND","53.417","-113.750","AB","-5.2","0","4.5","6.7","0","-26.1","0","20.8","0","143.0","20.8","0","136.0","","4","","",NA,"719.1","0.0","3012230"
"ELK POINT","53.883","-111.067","AB","-7.8","0",NA,"5.0","0","-22.8","0","13.8","0",NA,"13.8","0",NA,"10.0","1","","",NA,"799.5","0.0","3012280"
"ELLERSLIE","53.417","-113.550","AB","-5.6","0",NA,"6.1","0","-22.2","0","37.1","0",NA,"30.1","0",NA,"13.0","3","64.9","0",NA,"733.1","0.0","3012295"
"FABYAN","52.967","-111.000","AB","",,"","",,"",,"20.3","0","116.0","20.3","0","113.0","","3","","",NA,"","","3012515"
"FORESTBURG PLANT SITE","52.467","-112.120","AB","-4.2","0","4.2","8.3","0","-20.0","0","15.2","0","131.0","15.2","0","129.0","","1","","",NA,"687.8","0.0","3012652"
"FORT SASKATCHEWAN","53.717","-113.183","AB","-5.2","0","5.3","5.6","0","-18.9","0","20.3","0","103.0","21.3","0","105.0","","3","","",NA,"717.8","0.0","3012710"
"GLENEVIS","53.800","-114.517","AB","-5.2","0",NA,"5.6","0","-19.4","0","27.2","0",NA,"30.3","0",NA,"","5","","",NA,"718.7","0.0","3012817"
"HUGHENDEN","52.517","-110.967","AB","-6.2","0",NA,"6.7","0","-22.8","0","40.6","0",NA,"40.6","0",NA,"41.0","4","","",NA,"748.9","0.0","3013361"
"KINSELLA RANCH","53.000","-111.517","AB","-5.9","0","5.2","7.2","0","-21.1","0","25.8","0","150.0","25.8","0","150.0","","2","","",NA,"740.5","0.0","3013645"
"LLOYDMINSTER NORTH","53.283","-110.000","AB","-6.4","0",NA,"7.2","0","-20.0","0","18.7","0",NA,"18.7","0",NA,"","2","","",NA,"756.6","0.0","3013963"
"MANNVILLE SOUTH","53.100","-111.350","AB","",,NA,"",,"",,"20.9","0",NA,"20.9","0",NA,"","2","","",NA,"","","3014188"
"MARWAYNE","53.600","-110.233","AB","-7.0","0",NA,"7.2","0","-23.3","0","17.0","0",NA,"17.0","0",NA,"10.0","1","","",NA,"775.2","0.0","3014225"
"METISKOW CDA EPF","52.400","-110.583","AB","",,NA,"",,"",,"35.0","0",NA,"35.0","0",NA,"","2","","",NA,"","","3014520"
"NEWBROOK","54.317","-112.950","AB","-7.4","0",NA,"6.1","0","-23.3","0","31.3","0",NA,"36.6","0",NA,"","6","","",NA,"788.3","0.0","3014800"
"OLIVER TREE NURSERY","53.650","-113.367","AB","-5.4","0",NA,"6.1","0","-21.7","0","21.6","0",NA,"21.6","0",NA,"","2","","",NA,"726.6","0.0","3014922"
"ONOWAY","53.700","-114.200","AB","",,NA,"",,"",,"24.7","0",NA,"24.7","0",NA,"","2","","",NA,"","","3014926"
"PARADISE VALLEY","53.117","-110.350","AB","",,"","",,"",,"14.5","0","81.0","15.1","0","82.0","","5","","",NA,"","","3014995"
"PRAIRIE CREEK RS","52.250","-115.300","AB","-7.5","0",NA,"7.2","0","-27.8","0","15.7","0",NA,"15.7","0",NA,"","4","","",NA,"789.6","0.0","3015295"
"RANFURLY","53.450","-111.650","AB","-6.1","0",NA,"5.0","0","-18.9","0","21.9","0",NA,"22.9","0",NA,"13.0","2","63.7","0",NA,"746.1","0.0","3015400"
"ROCKY MTN HOUSE","52.383","-114.917","AB","-3.8","0",NA,"12.8","0","-23.3","0","21.3","0",NA,"15.6","0",NA,"10.0","6","","",NA,"676.8","0.0","3015520"
"ST LINA","54.300","-111.450","AB","-6.3","0","6.5","6.1","0","-23.9","0","13.0","0","63.0","13.0","0","61.0","","2","","",NA,"752.0","0.0","3015672"
"SEDALIA EAST","51.650","-110.550","AB","",,NA,"",,"",,"12.7","0",NA,"12.7","0",NA,"","3","","",NA,"","","3015799"
"SEDGEWICK","52.883","-111.700","AB","-7.1","0",NA,"6.7","0","-23.3","0","25.4","0",NA,"25.4","0",NA,"","3","","",NA,"777.6","0.0","3015800"
"SHALKA LAKE","53.800","-111.900","AB","",,NA,"",,"",,"22.4","0",NA,"26.6","0",NA,"","3","","",NA,"","","3015879"
"SION","53.883","-114.117","AB","-5.4","2","4.2","6.1","0","-19.4","2","31.5","0","193.0","31.5","0","192.0","18.0","3","","",NA,"678.6","0.0","3015960"
"STETTLER","52.300","-112.700","AB","-4.6","0",NA,"8.9","0","-20.6","0","22.3","0",NA,"22.3","0",NA,"","2","","",NA,"701.5","0.0","3016120"
"SULLIVAN LAKE","52.050","-111.950","AB","",,NA,"",,"",,"36.6","0","222.0","36.6","0","220.0","","2","","",NA,"","","3016253"
"TOFIELD NORTH","53.550","-112.750","AB","-4.4","0","5.3","7.8","0","-16.7","0","26.7","0","161.0","26.7","0","160.0","","3","","",NA,"693.1","0.0","3016494"
"TULLIBY LAKE","53.667","-110.133","AB","-8.0","0",NA,"5.6","0","-21.7","0","8.9","0",NA,"8.9","0",NA,"","1","","",NA,"805.2","0.0","3016590"
"TULLIBY LAKE NORTH","53.717","-110.150","AB","",,NA,"",,"",,"9.3","0",NA,"9.3","0",NA,"","1","","",NA,"","","3016592"
"VEGREVILLE CDA","53.483","-112.033","AB","-7.4","0",NA,"5.0","0","-21.7","0","18.1","0",NA,"18.1","0",NA,"13.0","2","","",NA,"786.4","0.0","3016761"
"VERMILION A","53.350","-110.833","AB","-6.9","0",NA,"8.9","0","-22.8","0","17.8","0",NA,"19.2","0",NA,"10.0","3","","",NA,"773.2","0.0","3016800"
"WAINWRIGHT HEATH","52.833","-110.833","AB","",,NA,"",,"",,"16.8","0",NA,"16.8","0",NA,"","3","","",NA,"","","3016932"
"WARWICK","53.650","-111.983","AB","-7.1","0",NA,"6.1","0","-22.2","0","14.0","0",NA,"14.5","0",NA,"","1","","",NA,"777.6","0.0","3016954"
"WASTINA HEMARUKA","51.700","-111.117","AB","-7.1","0",NA,"7.2","0","-23.9","0","13.9","0",NA,"13.9","0",NA,"","4","","",NA,"776.9","0.0","3016960"
"WETASKIWIN","52.967","-113.333","AB","-4.7","0",NA,"6.7","0","-20.0","0","16.2","0",NA,"16.2","0",NA,"","1","","",NA,"702.8","0.0","3017280"
"WINFIELD","52.950","-114.583","AB","-3.6","0","4.1","13.3","0","-21.1","0","22.8","0","137.0","22.8","0","134.0","","2","","",NA,"669.6","0.0","3017595"
"ACME CDA EPF","51.500","-113.417","AB","-3.8","0",NA,"10.6","0","-21.7","0","6.4","0",NA,"6.4","0",NA,"","2","","",NA,"676.5","0.0","3020040"
"BASHAW","52.600","-112.983","AB","-4.7","0",NA,"8.3","0","-20.6","0","16.6","0",NA,"16.6","0",NA,"","2","","",NA,"703.9","0.0","302053E"
"BLINDMAN","52.767","-114.483","AB","",,NA,"",,"",,"26.4","0",NA,"26.4","0",NA,"","2","","",NA,"","","3020715"
"BLUFFTON","52.750","-114.283","AB","",,NA,"",,"",,"18.2","0",NA,"18.2","0",NA,"","5","","",NA,"","","3020730"
"BOWDEN","51.983","-114.017","AB","-4.5","0",NA,"9.4","0","-19.4","0","16.3","0",NA,"16.3","0",NA,"","5","","",NA,"697.2","0.0","3020760"
"BROOKS ONE TREE","50.633","-111.783","AB","-3.6","3",NA,"11.7","3","-18.9","2","10.2","0",NA,"10.2","0",NA,"","2","","",NA,"605.7","0.0","3020864"
"CARBON","51.483","-113.150","AB","",,NA,"",,"",,"8.9","0",NA,"8.9","0",NA,"","2","","",NA,"","","3021309"
"CEREAL","51.483","-110.800","AB","",,NA,"",,"",,"17.3","0",NA,"17.3","0",NA,"","3","","",NA,"","","3021460"
"CRAIGMYLE","51.767","-112.283","AB","-4.2","0","4.7","13.3","0","-23.3","0","20.3","0","149.0","20.3","0","147.0","","1","","",NA,"687.3","0.0","3021940"
"CROSSFIELD","51.417","-114.167","AB","-2.8","0",NA,"9.4","0","-20.6","0","6.3","0",NA,"6.3","0",NA,"","4","","",NA,"646.2","0.0","3021950"
"DIDSBURY ELKTON","51.633","-114.417","AB","",,NA,"",,"",,"9.1","0",NA,"9.1","0",NA,"","3","","",NA,"","","3022084"
"DOG POUND","51.450","-114.450","AB","",,NA,"",,"",,"3.8","0",NA,"3.8","0",NA,"","2","","",NA,"","","3022092"
"DRUMHELLER ANDREW","51.467","-112.867","AB","",,NA,"",,"",,"7.6","0","73.0","7.6","0","73.0","","1","","",NA,"","","3022136"
"DRUMHELLER INSTITUTION","51.417","-112.683","AB","-4.0","2",NA,"11.1","0","-15.6","2","17.8","0",NA,"17.8","0",NA,"","1","88.4","0",NA,"637.1","0.0","3022137"
"DRUMHELLER CITY","51.450","-112.700","AB","-5.3","0",NA,"10.0","0","-22.2","0","11.6","0",NA,"11.6","0",NA,"","2","","",NA,"723.5","0.0","3022139"
"DUCHESS","50.733","-111.900","AB","-4.3","4",NA,"12.2","3","-21.1","3","7.6","0",NA,"7.6","0",NA,"","2","","",NA,"603.2","0.0","3022143"
"ECKVILLE SOUTH","52.283","-114.383","AB","-5.4","0","3.6","10.0","0","-22.8","0","12.3","0","75.0","12.3","0","75.0","","3","","",NA,"726.9","0.0","3022159"
"ELNORA","51.964","-113.195","AB","",,NA,"",,"",,"13.0","0","74.0","13.0","0","71.0","","1","","",NA,"","","3022325"
"EMPRESS","50.952","-110.008","AB","-4.9","0","5.2","9.4","0","-23.3","0","12.7","0","88.0","12.7","0","86.0","","2","","",NA,"710.0","0.0","3022400"
"FINNEGAN","51.183","-111.917","AB","-5.1","0",NA,"8.9","0","-22.2","0","15.4","0",NA,"15.4","0",NA,"","3","","",NA,"715.4","0.0","3022616"
"HANNA","51.583","-111.850","AB","-4.8","0",NA,"11.7","0","-22.2","0","40.6","0",NA,"42.4","0",NA,"","2","","",NA,"705.8","0.0","3023000"
"HUXLEY","51.911","-113.433","AB","",,NA,"",,"",,"15.2","0","102.0","15.2","0","99.0","","3","","",NA,"","","3023422"
"HUXLEY EAST","51.950","-112.950","AB","-4.7","1",NA,"8.9","0","-20.6","1","17.8","0",NA,"17.8","0",NA,"","2","","",NA,"679.6","0.0","3023423"
"LACOMBE CDA","52.467","-113.750","AB","-5.5","0",NA,"8.3","0","-21.7","0","14.8","0",NA,"14.0","0",NA,"5.0","2","76.0","0",NA,"729.9","0.0","3023720"
"LOUSANA","52.083","-113.083","AB","",,NA,"",,"",,"15.5","0",NA,"15.5","0",NA,"","2","","",NA,"","","3024000"
"MADDEN","51.504","-114.324","AB","",,"","",,"",,"9.7","0","102.0","9.7","0","94.0","","4","","",NA,"","","3024150"
"MICHICHI CREEK","51.600","-112.600","AB","",,NA,"",,"",,"12.7","0",NA,"12.7","0",NA,"","2","","",NA,"","","30245KL"
"OLDS","51.783","-114.100","AB","-4.0","0","3.4","7.2","0","-17.8","0","15.6","0","119.0","15.6","0","117.0","","4","84.4","0","105.0","680.9","0.0","3024920"
"OYEN CAPPON","51.167","-110.517","AB","-4.9","0","4.7","7.8","0","-18.9","0","12.7","0","135.0","14.0","0","144.0","","2","","",NA,"711.0","0.0","3024961"
"PINE LAKE","52.167","-113.500","AB","-4.9","0",NA,"10.0","0","-24.4","0","14.6","0",NA,"14.6","0",NA,"","3","","",NA,"711.4","0.0","3025222"
"POLLOCKVILLE","51.083","-111.600","AB","-6.9","2",NA,"8.3","1","-22.2","2","10.7","0",NA,"10.7","0",NA,"8.0","4","","",NA,"721.5","0.0","3025240"
"RED DEER","52.300","-113.817","AB","-5.9","0","2.6","7.8","0","-24.4","0","17.3","0","126.0","17.3","0","123.0","","3","","",NA,"740.7","0.0","3025441"
"RED DEER A","52.179","-113.893","AB","-6.3","0","3.7","6.7","0","-22.8","0","21.2","0","157.0","17.1","0","139.0","10.0","3","","",NA,"752.5","0.0","3025480"
"RIMBEY","52.633","-114.233","AB","-4.2","0",NA,"13.3","0","-21.7","0","8.7","0",NA,"8.7","0",NA,"","3","","",NA,"689.3","0.0","3025494"
"SCOLLARD","51.933","-112.867","AB","",,NA,"",,"",,"30.5","0","252.0","30.5","0","252.0","","1","","",NA,"","","3025766"
"SCOTFIELD","51.583","-111.350","AB","-6.5","0",NA,"7.2","0","-22.2","0","17.0","0",NA,"17.0","0",NA,"","2","","",NA,"759.7","0.0","3025770"
"SIBBALD","51.475","-110.248","AB","-6.4","5",NA,"7.2","5","-20.0","0","13.2","0",NA,"13.2","0",NA,"","2","","",NA,"634.4","0.0","3025920"
"SYLVAN LAKE","52.350","-114.167","AB","",,NA,"",,"",,"14.9","0",NA,"14.9","0",NA,"","3","","",NA,"","","3026330"
"THREE HILLS","51.650","-113.300","AB","",,NA,"10.6","0","",,"11.0","0",NA,"11.0","0",NA,"0.0","2","","",NA,"","","3026480"
"THREE HILLS TOWN","51.700","-113.267","AB","-3.6","0",NA,"10.0","0","-19.4","0","12.5","0",NA,"12.5","0",NA,"","2","","",NA,"669.0","0.0","3026487"
"TROCHU 2","51.833","-113.217","AB","",,NA,"",,"",,"14.3","0",NA,"14.3","0",NA,"","2","","",NA,"","","3026521"
"TROCHU EQUITY","51.783","-113.200","AB","-3.6","0",NA,"9.4","0","-18.9","0","12.7","0",NA,"12.7","0",NA,"","2","","",NA,"671.0","0.0","3026530"
"WIMBORNE GAS PLANT","51.900","-113.567","AB","-3.7","0",NA,"10.0","0","-17.8","0","6.4","0",NA,"6.4","0",NA,"","1","","",NA,"673.1","0.0","3027580"
"HOADLEY","52.850","-114.200","AB","",,NA,"",,"",,"23.9","0",NA,"23.9","0",NA,"","2","","",NA,"","","302CCDB"
"BOW ISLAND RIVERS DEV","49.867","-111.367","AB","-1.2","5",NA,"10.6","5","-13.3","4","7.6","0",NA,"7.6","0",NA,"","1","","",NA,"498.0","0.0","3030773"
"BROOKS","50.583","-111.900","AB","-3.8","0",NA,"11.7","0","-19.4","0","24.7","0",NA,"23.9","0",NA,"13.0","1","","",NA,"675.1","0.0","3030838"
"BROOKS AHRC","50.550","-111.850","AB","-3.9","0",NA,"12.2","0","-20.0","0","20.4","0",NA,"20.4","0",NA,"","2","88.3",".83333333333333333333333333333333333333",NA,"679.5","0.0","3030856"
"BROOKS NORTH","50.617","-111.883","AB","",,NA,"",,"",,"21.6","0","149.0","21.6","0","142.0","","2","","",NA,"","","3030862"
"BLACKIE NORTH","50.767","-113.667","AB","-3.5","0",NA,"8.3","0","-17.8","0","1.5","0",NA,"1.5","0",NA,"","1","","",NA,"665.9","0.0","3030GJ1"
"BLACKIE 2W","50.600","-113.683","AB","",,NA,"",,"",,"12.7","0",NA,"15.2","0",NA,"","3","","",NA,"","","3030GJJ"
"CALDWELL","49.167","-113.633","AB","-0.6","0",NA,"9.4","0","-9.4","0","63.5","0",NA,"63.5","0",NA,"0.0","4","","",NA,"577.8","0.0","3031000"
"CALGARY GLENMORE DAM","51.017","-114.100","AB","-2.2","0",NA,"10.0","0","-17.8","0","5.6","0",NA,"5.6","0",NA,"","2","","",NA,"627.4","0.0","3031090"
"CALGARY INT'L A","51.114","-114.020","AB","-2.5","0","4.3","12.2","0","-19.4","0","7.6","0","51.0","4.2","0","41.0","0.0","1","111.7","0","98.0","634.4","0.0","3031093"
"CARDSTON","49.132","-113.242","AB","-2.3","5","2.4","10.6","5","-20.6","0","78.5","0","368.0","78.5","0","365.0","","4","","",NA,"527.2","0.0","3031320"
"CARMANGAY VILLAGE","50.124","-113.112","AB","",,NA,"",,"",,"21.5","0","161.0","21.5","0","160.0","","4","","",NA,"","","3031348"
"CARWAY","49.000","-113.376","AB","-2.5","1","2.7","10.0","1","-20.6","1","3.6","0","13.0","3.6","0","13.0","","2","","",NA,"614.3","0.0","3031400"
"CHAIN LAKES RS","50.200","-114.200","AB","-2.7","0",NA,"8.9","0","-21.1","0","17.8","0",NA,"17.8","0",NA,"","3","","",NA,"643.0","0.0","3031476"
"CHESTERMERE LAKE SOUTH","51.033","-113.783","AB","-5.0","0",NA,"8.3","0","-24.4","0","4.9","0",NA,"4.9","0",NA,"","1","","",NA,"712.1","0.0","3031524"
"CLARESHOLM WATERWORKS","50.019","-113.711","AB","-1.1","0","3.8","12.2","0","-22.8","0","21.6","0","145.0","21.6","0","141.0","","2","","",NA,"593.3","0.0","3031658"
"COCHRANE","51.197","-114.434","AB","",,NA,"",,"",,"7.4","0",NA,"7.4","0",NA,"","4","","",NA,"","","3031676"
"COWLEY","49.683","-114.117","AB","-2.2","0",NA,"8.3","0","-20.0","0","5.1","0",NA,"10.9","0",NA,"","2","","",NA,"626.6","0.0","3031918"
"COWLEY OLIN CREEK","49.700","-114.067","AB","",,NA,"",,"",,"12.4","0","54.0","12.4","0","53.0","","2","","",NA,"","","3031926"
"CLARESHOLM MEADOW CREEK","49.938","-113.738","AB","",,NA,"",,"",,"16.5","0","117.0","16.5","0","112.0","","3","","",NA,"","","3031F5F"
"FOREMOST","49.477","-111.446","AB","-1.9","0","4.4","11.7","0","-19.4","0","10.9","0","57.0","10.9","0","55.0","","3","","",NA,"616.4","0.0","3032640"
"FORT MACLEOD","49.717","-113.400","AB","-0.5","0",NA,"10.0","0","-19.4","0","22.9","0",NA,"22.9","0",NA,"3.0","4","","",NA,"572.3","0.0","3032680"
"FORT MACLEOD STAND OFF","49.533","-113.333","AB","",,NA,"",,"",,"21.6","0",NA,"21.6","0",NA,"","4","","",NA,"","","3032690"
"FORT MACLEOD NORTH","49.867","-113.283","AB","",,NA,"",,"",,"19.1","0",NA,"19.1","0",NA,"","2","","",NA,"","","30326QF"
"GLEICHEN","50.883","-113.050","AB","-4.7","0","3.8","9.4","0","-20.6","0","9.4","0","111.0","9.4","0","106.0","5.0","2","","",NA,"704.7","0.0","3032800"
"HERRONTON EAST","50.600","-113.348","AB","",,NA,"",,"",,"6.3","0",NA,"6.3","0",NA,"","2","","",NA,"","","3033138"
"HIGH RIVER","50.483","-114.167","AB","-1.9","0","4.3","8.9","0","-18.9","0","7.6","0","45.0","10.1","0","59.0","","2","","",NA,"617.0","0.0","3033240"
"HIGH RIVER TOWN","50.567","-113.867","AB","",,NA,"",,"",,"11.1","0",NA,"14.9","0",NA,"","4","","",NA,"","","3033243"
"LETHBRIDGE A","49.633","-112.800","AB","-1.6","0","3.9","10.6","0","-20.6","0","23.4","0","166.0","22.9","0","177.0","5.0","4","","",NA,"606.3","0.0","3033880"
"LETHBRIDGE CDA","49.700","-112.783","AB","-1.3","0",NA,"10.6","0","-22.8","0","27.4","0",NA,"25.5","0",NA,"3.0","4","102.3","0",NA,"597.4","0.0","3033890"
"MEDICINE HAT A","50.017","-110.717","AB","-2.3","0","4.7","12.8","0","-17.8","0","9.7","0","73.0","7.7","0","64.0","3.0","1","92.0","0","93.0","630.2","0.0","3034480"
"MILLARVILLE","50.717","-114.367","AB","-3.4","0",NA,"11.7","0","-21.1","0","4.3","0",NA,"4.8","0",NA,"","2","","",NA,"662.7","0.0","3034552"
"MOSSLEIGH","50.659","-113.281","AB","",,NA,"",,"",,"24.9","0","150.0","24.9","0","150.0","","3","","",NA,"","","3034675"
"MOSSLEIGH BURNAY","50.717","-113.302","AB","",,NA,"",,"",,"19.1","0","177.0","19.1","0","177.0","","2","","",NA,"","","3034676"
"MOUNTAIN VIEW","49.127","-113.630","AB","",,NA,"",,"",,"48.2","0","135.0","48.2","0","135.0","","3","","",NA,"","","3034720"
"PICTURE BUTTE","49.883","-112.783","AB","",,NA,"",,"",,"26.4","0",NA,"26.4","0",NA,"","3","","",NA,"","","3035173"
"PINCHER CREEK","49.500","-113.950","AB","-1.0","0",NA,"9.4","0","-18.3","0","28.5","0",NA,"20.0","0",NA,"0.0","3","","",NA,"590.1","0.0","3035201"
"PRIDDIS","50.883","-114.450","AB","-2.3","0",NA,"10.0","0","-18.9","0","5.2","0",NA,"6.5","0",NA,"","2","","",NA,"627.9","0.0","3035301"
"QUEENSTOWN","50.606","-112.983","AB","-2.0","0","4.6","12.2","0","-17.8","0","17.7","0","122.0","17.7","0","118.0","0.0","4","","",NA,"618.7","0.0","3035340"
"RAINIER","50.367","-112.033","AB","-3.9","0",NA,"11.7","0","-21.7","0","12.7","0",NA,"12.7","0",NA,"","2","","",NA,"678.2","0.0","3035350"
"RALSTON","50.250","-111.167","AB","",,NA,"",,"",,"15.8","0",NA,"12.2","0",NA,"","2","","",NA,"","","3035360"
"RAYMOND","49.450","-112.700","AB","-1.0","0",NA,"11.7","0","-20.6","0","19.0","0",NA,"19.0","0",NA,"5.0","4","","",NA,"587.5","0.0","3035420"
"STRATHMORE EAST","51.100","-113.217","AB","-4.1","1",NA,"9.4","1","-21.7","1","14.2","0",NA,"14.2","0",NA,"","2","","",NA,"661.8","0.0","3036208"
"SUFFIELD A","50.267","-111.183","AB","-3.3","0","4.6","11.7","0","-17.2","0","17.5","0","112.0","17.5","0","118.0","0.0","3","99.7","0","107.0","661.2","0.0","3036240"
"TABER","49.792","-112.124","AB","-1.1","0",NA,"11.7","0","-20.0","0","16.5","0",NA,"16.5","0",NA,"","3","","",NA,"591.8","0.0","3036360"
"TURNER VALLEY","50.717","-114.350","AB","-3.5","0",NA,"11.1","0","-18.9","0","8.9","0",NA,"8.9","0",NA,"","3","","",NA,"667.6","0.0","3036640"
"TURNER VALLEY RS","50.667","-114.283","AB","-2.4","2",NA,"11.7","1","-17.8","1","7.2","0",NA,"8.7","0",NA,"","2","","",NA,"592.5","0.0","3036641"
"UNIVERSITY OF CALGARY","51.083","-114.133","AB","-2.1","0",NA,"11.1","0","-18.9","0","12.0","0",NA,"12.0","0",NA,"","2","54.6","4.58333333333333333333333333333333333333",NA,"622.5","0.0","3036652"
"VULCAN","50.400","-113.250","AB","-2.5","0","5.2","10.6","0","-18.9","0","12.0","0","67.0","12.0","0","66.0","","2","","",NA,"636.3","0.0","3036881"
"CALGARY ELBOW VIEW","51.017","-114.200","AB","",,NA,"",,"",,"6.0","0",NA,"6.0","0",NA,"","3","","",NA,"","","303A0Q6"
"ADEN","49.050","-111.317","AB","-0.3","0",NA,"12.2","0","-19.4","0","23.9","0",NA,"25.9","0",NA,"","2","","",NA,"567.7","0.0","3040049"
"ALTAWAN","49.233","-110.017","AB","-7.5","0","4.1","8.3","0","-25.6","0","0.0","0","0.0","0.0","0","0.0","","0","","",NA,"789.6","0.0","3040223"
"MANYBERRIES CDA","49.117","-110.467","AB","-4.2","0",NA,"11.7","0","-21.7","0","32.0","0",NA,"33.3","0",NA,"0.0","4","107.2","0",NA,"688.2","0.0","3044200"
"MILK RIVER","49.167","-111.533","AB","-1.0","0",NA,"12.2","0","-18.9","0","20.3","0",NA,"20.3","0",NA,"","3","","",NA,"587.5","0.0","3044534"
"WHISKEY GAP","49.017","-112.950","AB","-2.5","0",NA,"10.0","0","-20.6","0","29.8","0",NA,"29.8","0",NA,"","3","","",NA,"634.5","0.0","3047365"
"BANFF","51.183","-115.567","AB","-4.9","0",NA,"3.9","0","-22.8","0","39.7","0",NA,"24.5","0",NA,"28.0","4","","",NA,"711.1","0.0","3050520"
"BEAVER MINES","49.467","-114.177","AB","-1.4","0","3.3","7.8","0","-19.4","0","25.4","0","85.0","28.9","0","85.0","","4","","",NA,"599.9","0.0","3050600"
"BIGHORN DAM","52.317","-116.333","AB","-2.4","2","4.5","10.0","1","-18.9","1","5.4","0","38.0","5.4","0","35.0","","3","","",NA,"592.5","0.0","30506GN"
"BOB CREEK","49.883","-114.250","AB","-0.9","11",NA,"7.2","11","-13.9","10","8.1","8",NA,"8.1","8",NA,"","2","","",NA,"378.5","0.0","3050731"
"BOW VALLEY PROV PARK","51.083","-115.067","AB","-1.9","0",NA,"8.3","0","-16.7","0","10.2","0",NA,"9.1","0",NA,"","2","","",NA,"615.5","0.0","3050779"
"CASTLE","49.400","-114.333","AB","-2.4","0",NA,"6.1","0","-23.9","0","26.6","0",NA,"51.3","0",NA,"","8","","",NA,"633.8","0.0","3051430"
"COLEMAN","49.633","-114.583","AB","-2.4","0","5.0","6.1","0","-22.2","0","9.4","0","33.0","13.0","0","35.0","","3","","",NA,"632.3","0.0","3051720"
"ELBOW RS","50.900","-114.700","AB","-3.3","0","4.6","12.2","0","-20.6","0","9.9","0","47.0","5.3","0","27.0","","3","","",NA,"661.6","0.0","3052270"
"FORTRESS MOUNTAIN","50.850","-115.250","AB","-8.4","24",NA,"-1.7","24","-13.9","23","25.4","23",NA,"25.4","23",NA,"","1","","",NA,"184.5","0.0","3052705"
"GHOST RS","51.300","-114.933","AB","-2.6","1",NA,"9.4","1","-21.1","0","10.2","0",NA,"8.3","0",NA,"","3","","",NA,"618.9","0.0","3052780"
"JASPER","52.883","-118.067","AB","-4.0","0",NA,"6.7","0","-21.1","0","19.4","0",NA,"15.6","0",NA,"25.0","5","","",NA,"681.4","0.0","3053520"
"JASPER WEST GATE","52.867","-118.383","AB","-6.6","0",NA,"4.4","0","-23.3","0","7.7","0",NA,"7.7","0",NA,"","2","","",NA,"763.7","0.0","3053538"
"KANANASKIS","51.033","-115.033","AB","-1.0","0","5.2","8.9","0","-19.4","0","12.2","0","64.0","12.2","0","65.0","","3","59.5","0","124.0","587.5","0.0","3053600"
"KANANASKIS BOUNDARY RS","50.983","-115.117","AB","-4.3","0",NA,"7.8","0","-24.4","0","28.0","0",NA,"28.0","0",NA,"","5","","",NA,"692.6","0.0","3053602"
"LAKE LOUISE","51.433","-116.217","AB","-9.9","0","3.1","0.6","0","-31.1","0","87.1","0","179.0","87.1","0","179.0","","12","","",NA,"865.3","0.0","3053760"
"MOUNTAIN AIRE LODGE","51.650","-115.283","AB","-5.8","0",NA,"12.2","0","-27.2","0","1.3","0",NA,"1.3","0",NA,"","1","87.1",".41666666666666666666666666666666666667",NA,"738.0","0.0","3054700"
"MOUNTAIN VIEW BIRDSEYE","49.117","-113.733","AB","",,NA,"",,"",,"53.3","0",NA,"53.3","0",NA,"","3","","",NA,"","","3054722"
"NORDEGG RS","52.500","-116.050","AB","-3.6","0","6.1","11.1","0","-26.1","0","9.2","0","50.0","9.2","0","50.0","","4","","",NA,"670.8","0.0","3054845"
"PARKER RIDGE","52.200","-117.117","AB","-8.6","0",NA,"1.7","0","-22.2","0","103.7","0",NA,"103.7","0",NA,"","19","","",NA,"824.3","0.0","3054997"
"PEKISKO","50.367","-114.417","AB","-3.1","0",NA,"7.8","0","-26.1","0","30.9","0",NA,"30.9","0",NA,"","4","","",NA,"653.7","0.0","3055120"
"SHEEP RS","50.650","-114.650","AB","-4.6","11",NA,"9.4","9","-22.2","9","9.2","0",NA,"9.2","0",NA,"","3","","",NA,"452.0","0.0","3055883"
"ANZAC","56.450","-111.033","AB","-7.6","0",NA,"7.2","0","-21.1","0","18.3","0",NA,"20.3","0",NA,"","7","","",NA,"792.9","0.0","3060281"
"ATHABASCA 2","54.817","-113.533","AB","-6.0","0","5.8","6.1","0","-22.8","0","12.6","0","64.0","19.0","0","95.0","","7","","",NA,"745.1","0.0","3060321"
"BAPTISTE LAKE","54.733","-113.533","AB","",,NA,"",,"",,"12.1","0","54.0","15.9","0","70.0","","6","","",NA,"","","3060523"
"BARRHEAD","54.117","-114.367","AB","-5.9","3",NA,"4.4","2","-21.7","2","18.6","0",NA,"20.7","0",NA,"","5","","",NA,"667.8","0.0","3060532"
"CALLING LAKE RS","55.250","-113.183","AB","-7.5","2","6.2","7.2","1","-24.4","1","11.5","0","65.0","11.5","0","70.0","","4","","",NA,"738.6","0.0","3061117"
"CAMPSIE","54.133","-114.683","AB","-7.5","0","3.8","5.0","0","-30.0","0","27.9","0","185.0","27.9","0","181.0","","5","","",NA,"790.7","0.0","3061200"
"COLD CREEK RS","53.617","-115.583","AB","-7.6","2",NA,"10.0","1","-28.9","1","14.3","0",NA,"12.2","0",NA,"","2","","",NA,"741.0","0.0","3061679"
"CONKLIN","55.683","-111.100","AB","-9.2","1",NA,"5.6","1","-28.3","0","7.8","0",NA,"7.8","0",NA,"","4","","",NA,"817.0","0.0","3061795"
"CROSS LAKE","54.633","-113.917","AB","-7.7","0","4.5","5.0","0","-29.4","0","23.8","0","118.0","30.9","0","148.0","","8","","",NA,"798.0","0.0","30619E0"
"EDSON A","53.583","-116.467","AB","-7.4","0",NA,"8.9","0","-23.9","0","8.6","0",NA,"5.4","0",NA,"8.0","2","69.0","0",NA,"787.0","0.0","3062244"
"ENTRANCE","53.367","-117.700","AB","-2.8","0","4.2","10.6","0","-20.6","0","5.1","0","36.0","5.1","0","35.0","","3","","",NA,"644.7","0.0","3062440"
"FORT MCMURRAY A","56.650","-111.217","AB","-9.4","0","5.7","7.2","0","-25.6","0","17.5","0","82.0","18.6","0","114.0","8.0","7","42.8","0","66.0","848.6","0.0","3062693"
"GROSMONT","54.867","-113.567","AB","-5.6","0",NA,"5.6","0","-20.6","0","7.1","0",NA,"7.1","0",NA,"","3","","",NA,"730.6","0.0","3062957"
"HIGH PRAIRIE","55.433","-116.517","AB","-8.0","7",NA,"5.0","7","-29.4","0","29.3","0",NA,"29.3","0",NA,"","4","","",NA,"624.2","0.0","3063160"
"HIGHWAY","53.917","-115.533","AB","",,NA,"",,"",,"21.6","0","144.0","21.6","0","138.0","","3","","",NA,"","","3063248"
"HINTON","53.417","-117.567","AB","-3.2","0",NA,"10.6","0","-18.3","0","8.4","0",NA,"8.4","0",NA,"","2","","",NA,"655.9","0.0","3063340"
"JASPER EAST GATE","53.233","-117.817","AB","-1.0","1","5.4","10.6","0","-15.0","1","30.4","0","166.0","30.4","0","153.0","","5","","",NA,"570.8","0.0","3063523"
"KAYBOB 3","54.117","-116.633","AB","-3.8","0","3.5","10.0","0","-16.7","0","30.1","0","167.0","30.1","0","164.0","","6","","",NA,"676.8","0.0","3063620"
"KINUSO RS","55.333","-115.417","AB","-6.4","0",NA,"7.8","0","-25.0","0","20.7","0",NA,"19.3","0",NA,"","4","","",NA,"754.9","0.0","3063646"
"LAC LA BICHE A","54.767","-112.017","AB","-5.9","0",NA,"6.7","0","-22.2","0","20.8","0",NA,"20.8","0",NA,"","2","","",NA,"740.9","0.0","3063684"
"LAC LA BICHE RS","54.767","-112.967","AB","-7.0","0",NA,"5.6","0","-20.6","0","0.5","0",NA,"0.5","0",NA,"","0","","",NA,"774.0","0.0","3063690"
"LINARIA","54.300","-114.167","AB","",,NA,"",,"",,"13.7","0",NA,"16.8","0",NA,"","3","","",NA,"","","3063910"
"MAGNOLIA","53.583","-114.883","AB","",,NA,"",,"",,"17.7","0",NA,"17.7","0",NA,"","2","","",NA,"","","3064157"
"MEANOOK","54.617","-113.350","AB","-4.4","0",NA,"7.8","0","-17.2","0","18.5","0",NA,"18.5","0",NA,"","4","","",NA,"695.8","0.0","3064400"
"MILDRED LAKE","57.083","-111.583","AB","-10.9","0",NA,"7.8","0","-27.8","0","17.6","0",NA,"17.6","0",NA,"","5","31.4","0",NA,"895.9","0.0","3064531"
"ROBB RS","53.233","-116.967","AB","-4.6","0",NA,"11.1","0","-21.7","0","6.8","0",NA,"6.4","0",NA,"","1","","",NA,"701.2","0.0","3065505"
"ROCHESTER NORTH","54.450","-113.517","AB","-7.3","0",NA,"4.4","0","-22.8","0","39.2","0",NA,"39.2","0",NA,"","4","","",NA,"785.1","0.0","3065512"
"RONAN","53.883","-115.250","AB","-6.4","0","4.1","10.6","0","-28.3","0","25.4","0","156.0","25.9","0","156.0","","3","","",NA,"755.7","0.0","3065541"
"SHINING BANK","53.850","-115.967","AB","-7.2","0","3.3","11.1","0","-27.8","0","18.8","0","113.0","18.8","0","108.0","","4","","",NA,"781.3","0.0","3065885"
"SLAVE LAKE A","55.300","-114.783","AB","-7.1","0",NA,"6.7","0","-23.3","0","21.0","0",NA,"19.0","0",NA,"15.0","4","60.1","0",NA,"777.5","0.0","3066001"
"SMITH RS","55.167","-114.033","AB","-8.5","0",NA,"5.0","0","-27.2","0","9.1","0",NA,"9.1","0",NA,"","4","","",NA,"820.1","0.0","3066018"
"TAR ISLAND","56.983","-111.450","AB","-9.6","0",NA,"7.8","0","-22.8","0","23.6","0",NA,"23.6","0",NA,"","8","","",NA,"855.4","0.0","3066364"
"VEGA","54.400","-114.383","AB","-5.8","0",NA,"5.6","0","-22.2","0","21.8","0",NA,"28.6","0",NA,"","3","","",NA,"736.7","0.0","3066705"
"WANDERING RIVER RS","55.200","-112.500","AB","-7.2","0",NA,"5.6","0","-17.8","0","19.1","0",NA,"19.1","0",NA,"","3","","",NA,"781.3","0.0","3066935"
"WHITECOURT","54.133","-115.667","AB","-8.1","0",NA,"4.4","0","-26.1","0","36.6","0",NA,"30.5","0",NA,"30.0","4","","",NA,"808.0","0.0","3067370"
"FORT ASSINIBOINE","54.367","-114.917","AB","-9.2","0",NA,"4.4","0","-30.6","0","25.1","0",NA,"25.1","0",NA,"","3","","",NA,"843.5","0.0","306KFE3"
"ASSUMPTION","58.700","-118.717","AB","-15.4","3",NA,"6.1","3","-31.7","3","17.8","0",NA,"17.8","0",NA,"","4","","",NA,"935.0","0.0","3070311"
"BEAVERLODGE CDA","55.200","-119.400","AB","-5.6","0","4.1","5.0","0","-21.1","0","50.6","0","212.0","40.3","0","182.0","33.0","5","81.0","0","118.0","732.8","0.0","3070560"
"DEMMITT CDA EPF","55.450","-119.933","AB","-5.9","0",NA,"7.8","0","-23.3","0","20.8","0",NA,"20.8","0",NA,"","5","","",NA,"739.7","0.0","3072063"
"EUREKA RIVER","56.483","-118.733","AB","-10.7","8","4.4","3.3","4","-28.9","4","10.1","0","49.0","10.1","0","48.0","","4","","",NA,"659.2","0.0","3072475"
"FAIRVIEW","56.067","-118.383","AB","-6.7","0",NA,"5.0","0","-20.6","0","14.0","0",NA,"16.6","0",NA,"13.0","4","49.5","0",NA,"764.7","0.0","3072520"
"FAIRVIEW FSA","56.067","-118.383","AB","-7.6","0",NA,"3.9","0","-21.1","0","17.3","0",NA,"17.3","0",NA,"","4","","",NA,"793.4","0.0","3072536"
"FALHER","55.733","-117.200","AB","-6.7","1",NA,"6.7","1","-22.8","0","14.0","0",NA,"14.0","0",NA,"8.0","3","","",NA,"742.3","0.0","3072600"
"FISH CREEK","55.467","-117.400","AB","-5.9","0",NA,"10.6","0","-25.6","0","31.6","0",NA,"32.1","0",NA,"","4","","",NA,"741.6","0.0","3072618"
"FORT CHIPEWYAN A","58.767","-111.117","AB","-13.2","0","5.1","4.4","0","-31.7","0","36.0","0","195.0","35.7","0","194.0","33.0","10","","",NA,"965.7","0.0","3072658"
"FORT VERMILION CDA","58.383","-116.033","AB","-14.1","0",NA,"5.0","0","-28.3","0","15.3","0",NA,"15.4","0",NA,"10.0","5","24.1","0",NA,"994.4","0.0","3072720"
"FORT VERMILION RS","58.400","-116.033","AB","-15.0","7",NA,"4.4","3","-28.3","4","10.0","0",NA,"11.5","0",NA,"","3","","",NA,"792.1","0.0","3072732"
"GOODFARE CDA EPF","55.267","-119.767","AB","-7.0","0",NA,"6.1","0","-26.7","0","45.2","0",NA,"45.2","0",NA,"33.0","5","","",NA,"774.1","0.0","3072840"
"GRANDE CACHE RS","53.900","-119.100","AB","-3.2","0",NA,"6.7","0","-17.8","0","34.5","0",NA,"35.8","0",NA,"","5","","",NA,"657.9","0.0","3072900"
"GRANDE PRAIRIE A","55.180","-118.885","AB","-8.0","0","3.3","6.1","0","-26.7","0","26.2","0","111.0","23.9","0","127.0","23.0","4","","",NA,"805.5","0.0","3072920"
"HIGH LEVEL A","58.621","-117.165","AB","-14.5","0","3.7","5.0","0","-28.3","0","28.4","0","120.0","24.7","0","132.0","10.0","4","24.4","0","69.0","1007.7","0.0","3073146"
"HIGH LEVEL RS","58.517","-117.100","AB","-14.6","0",NA,"4.4","0","-30.0","0","29.8","0",NA,"29.8","0",NA,"","6","","",NA,"1011.6","0.0","3073150"
"HIGH PRAIRIE WEST","55.367","-116.867","AB","",,NA,"",,"",,"26.4","0",NA,"27.0","0",NA,"","5","","",NA,"","","3073190"
"KEG RIVER","57.800","-117.867","AB","-11.2","0",NA,"7.8","0","-27.2","0","33.7","0",NA,"33.7","0",NA,"","6","35.3","0",NA,"905.6","0.0","3073640"
"MANNING RS","56.917","-117.600","AB","-9.6","0",NA,"8.3","0","-27.8","0","13.3","0",NA,"13.3","0",NA,"","4","","",NA,"854.7","0.0","3074183"
"MCLENNAN CDA EPF","55.717","-116.950","AB","-5.7","0",NA,"7.2","0","-21.7","0","10.2","0",NA,"10.7","0",NA,"","3","","",NA,"735.4","0.0","3074320"
"MEANDER RIVER RS","59.117","-117.700","AB","-19.5","0",NA,"-2.2","0","-38.3","0","34.5","0",NA,"34.5","0",NA,"","10","","",NA,"1161.8","0.0","3074390"
"NORTH STAR","56.833","-117.567","AB","",,NA,"",,"",,"9.9","0",NA,"9.9","0",NA,"","6","","",NA,"","","3074874"
"NOTIKEWIN EAST","57.017","-117.567","AB","-11.0","3",NA,"5.6","2","-26.1","2","7.0","0",NA,"7.0","0",NA,"","4","","",NA,"811.2","0.0","3074902"
"PEACE RIVER A","56.227","-117.447","AB","-8.7","0","4.1","5.0","0","-24.4","0","13.5","0","73.0","10.2","0","59.0","10.0","5","","",NA,"826.4","0.0","3075040"
"RAINBOW RS","58.500","-119.417","AB","-12.8","0",NA,"6.1","0","-26.1","0","18.6","0",NA,"18.6","0",NA,"","5","","",NA,"955.0","0.0","3075349"
"RYCROFT","55.750","-118.783","AB","-5.9","0",NA,"7.2","0","-23.9","0","16.3","0",NA,"16.3","0",NA,"","4","","",NA,"740.9","0.0","3075600"
"SIMONETTE","54.417","-117.750","AB","-3.8","0","4.1","10.6","0","-20.0","0","36.2","0","135.0","37.5","0","135.0","","9","","",NA,"674.6","0.0","3075937"
"SOUTH WAPITI RS","54.933","-119.200","AB","-6.2","0",NA,"10.6","0","-25.6","0","35.6","0",NA,"27.1","0",NA,"","4","","",NA,"750.6","0.0","3076060"
"STEEN RIVER RS","59.633","-117.167","AB","-17.0","0",NA,"-0.6","0","-33.9","0","30.5","0",NA,"30.5","0",NA,"","7","","",NA,"1083.7","0.0","3076110"
"WABASCA RS","55.967","-113.833","AB","-6.5","0","6.0","6.7","0","-20.0","0","6.9","0","33.0","8.2","0","39.0","","3","","",NA,"759.3","0.0","3076908"
"WANHAM CDA","55.783","-118.383","AB","-5.4","0",NA,"7.8","0","-20.6","0","19.0","0",NA,"20.5","0",NA,"","3","","",NA,"725.3","0.0","3076940"
"WATINO","55.717","-117.633","AB","-7.1","6",NA,"7.2","0","-26.7","6","19.1","0",NA,"19.1","0",NA,"","3","","",NA,"627.8","0.0","3077246"
"WORSLEY RS","56.500","-119.133","AB","-12.1","0",NA,"3.9","0","-28.9","0","11.9","0",NA,"16.5","0",NA,"","3","","",NA,"932.5","0.0","3077662"
"CLEARDALE","56.333","-119.483","AB","-10.7","0","3.8","3.9","0","-26.7","0","14.0","0","65.0","14.0","0","65.0","","3","","",NA,"888.6","0.0","307JF5R"
"COLD LAKE A","54.417","-110.283","AB","-7.1","0","6.8","6.1","0","-20.6","0","4.4","0","18.0","4.0","0","22.0","5.0","1","70.3","0","103.0","777.7","0.0","3081680"
"IRON RIVER","54.417","-111.000","AB","-8.7","0",NA,"6.1","0","-23.9","0","1.5","0",NA,"1.5","0",NA,"","1","","",NA,"826.9","0.0","3083480"
"LA COREY RS","54.417","-110.767","AB","-8.4","0",NA,"5.0","0","-25.0","0","7.9","0",NA,"6.6","0",NA,"","1","","",NA,"818.5","0.0","3083725"
"AMULET","49.617","-104.733","SK","-5.6","0","5.4","7.2","0","-19.4","0","24.9","0","108.0","24.9","0","108.0","","3","","",NA,"733.1","0.0","4010150"
"ARCOLA CDA EPF","49.633","-102.533","SK","",,NA,"",,"",,"22.9","0",NA,"22.9","0",NA,"","5","","",NA,"","","4010240"
"AYLESBURY","50.933","-105.700","SK","-7.3","0",NA,"8.3","0","-23.3","0","6.9","0",NA,"6.9","0",NA,"","2","","",NA,"785.5","0.0","4010358"
"BANGOR","50.900","-102.283","SK","-7.9","0",NA,"7.8","0","-20.0","0","23.3","0","90.0","23.3","0","90.0","18.0","6","","",NA,"803.3","0.0","4010400"
"BECHARD","50.050","-104.217","SK","-7.2","0",NA,"7.8","0","-22.8","0","10.2","0",NA,"10.2","0",NA,"","3","","",NA,"781.7","0.0","4010540"
"BENSON","49.450","-102.983","SK","",,NA,"",,"",,"25.3","0",NA,"25.3","0",NA,"","4","","",NA,"","","4010570"
"BROADVIEW","50.368","-102.571","SK","-7.9","0","5.1","6.1","0","-23.3","0","26.0","0","107.0","19.5","0","95.0","13.0","3","100.5","0","106.0","802.5","0.0","4010879"
"BUFFALO POUND LAKE","50.550","-105.383","SK","-6.0","1",NA,"8.3","0","-20.0","1","10.2","0",NA,"10.2","0",NA,"","1","","",NA,"718.6","0.0","4010984"
"CANORA","51.633","-102.383","SK","-10.1","2",NA,"5.0","1","-22.8","2","21.2","0",NA,"21.5","0",NA,"","6","","",NA,"815.3","0.0","4011095"
"CARDROSS","49.817","-105.650","SK","-5.7","5",NA,"7.2","4","-18.9","3","10.2","0",NA,"10.2","0",NA,"","1","","",NA,"616.2","0.0","4011120"
"CARLYLE","49.633","-102.267","SK","-8.4","0",NA,"7.8","0","-20.6","0","26.9","0",NA,"26.9","0",NA,"","3","","",NA,"818.5","0.0","4011160"
"CARNDUFF","49.217","-101.750","SK","",,NA,"",,"",,"20.4","0","77.0","20.4","0","76.0","","2","","",NA,"","","4011250"
"CARON","50.450","-105.867","SK","-4.6","0",NA,"8.9","0","-20.6","0","1.3","0",NA,"1.3","0",NA,"","0","","",NA,"699.8","0.0","4011280"
"CEYLON","49.467","-104.600","SK","-5.7","0",NA,"7.2","0","-18.9","0","13.4","0",NA,"13.4","0",NA,"","3","","",NA,"733.4","0.0","4011440"
"CLAYBANK","50.050","-105.217","SK","-3.8","12",NA,"7.2","10","-17.2","11","24.1","0",NA,"24.1","0",NA,"","3","","",NA,"414.5","0.0","4011580"
"COTE","51.517","-101.783","SK","-9.4","0","5.7","3.9","0","-23.3","0","17.8","0","67.0","17.8","0","66.0","15.0","4","","",NA,"848.8","0.0","4011846"
"CUPAR","50.850","-104.267","SK","-7.1","0","5.6","7.2","0","-23.3","0","15.3","0","70.0","15.3","0","68.0","","4","","",NA,"776.9","0.0","4011980"
"DAHINDA","49.733","-105.033","SK","-5.6","5","5.0","5.6","4","-18.9","2","12.7","0","112.0","12.7","0","111.0","","3","","",NA,"614.3","0.0","4012050"
"DAVIDSON","51.267","-105.983","SK","-6.7","0","6.6","7.2","0","-21.7","0","5.4","0","35.0","5.9","0","39.0","","2","","",NA,"765.1","0.0","4012120"
"DAVIN 7","50.383","-104.167","SK","-7.8","10",NA,"7.2","5","-20.6","8","21.5","0",NA,"21.5","0",NA,"","3","","",NA,"542.0","0.0","4012166"
"DILKE","50.867","-105.167","SK","",,NA,"",,"",,"8.9","0",NA,"8.9","0",NA,"","3","","",NA,"","","4012200"
"DUVAL","51.183","-104.867","SK","-5.5","0","6.2","6.1","0","-20.0","0","10.2","0","58.0","10.2","0","56.0","","4","","",NA,"727.0","0.0","4012300"
"DYSART","51.117","-103.983","SK","-7.4","0",NA,"7.2","0","-22.2","0","8.9","0",NA,"8.9","0",NA,"","2","","",NA,"787.9","0.0","4012309"
"EDGELEY","50.600","-104.033","SK","",,NA,"",,"",,"10.1","0",NA,"10.1","0",NA,"","2","","",NA,"","","4012340"
"ESTEVAN A","49.217","-102.967","SK","-6.0","0","5.8","7.8","0","-18.9","0","22.7","0","113.0","23.7","0","138.0","15.0","4","104.7","0","106.0","745.0","0.0","4012400"
"FENWOOD","51.150","-103.067","SK","-7.7","0","5.5","6.7","0","-20.0","0","24.3","0","99.0","24.3","0","98.0","","5","","",NA,"795.6","0.0","4012483"
"FERTILE","49.333","-101.450","SK","-8.6","0","4.2","8.9","0","-21.7","0","5.6","0","23.0","5.6","0","23.0","","3","","",NA,"823.5","0.0","4012485"
"FILLMORE","49.883","-103.433","SK","",,NA,"",,"",,"22.9","0",NA,"22.9","0",NA,"","2","","",NA,"","","4012493"
"FLEMING CDA EPF","50.117","-101.533","SK","",,NA,"",,"",,"29.2","0",NA,"30.0","0",NA,"","5","","",NA,"","","4012520"
"FLEMING SOUTH","50.033","-101.583","SK","",,NA,"",,"",,"17.3","0",NA,"17.3","0",NA,"","4","","",NA,"","","4012525"
"FRANCIS","50.117","-103.917","SK","-8.7","6",NA,"7.2","5","-23.9","4","12.7","0",NA,"12.7","0",NA,"","2","","",NA,"667.0","0.0","4012720"
"GAINSBOROUGH","49.300","-101.533","SK","",,NA,"",,"",,"22.7","0",NA,"22.7","0",NA,"","1","","",NA,"","","4012790"
"GOOD SPIRIT LAKE","51.500","-102.667","SK","-8.6","0","6.4","6.7","0","-26.1","0","19.3","0","89.0","19.3","0","87.0","","5","","",NA,"825.5","0.0","4012943"
"GRENFELL","50.417","-102.933","SK","-6.0","11",NA,"7.2","9","-22.2","9","21.5","0",NA,"21.5","0",NA,"","3","","",NA,"479.5","0.0","4013030"
"GUERNSEY","51.783","-105.283","SK","-7.2","0",NA,"5.6","0","-21.7","0","8.9","0",NA,"8.9","0",NA,"","3","","",NA,"780.2","0.0","4013038"
"HEWARD","49.750","-103.150","SK","-8.8","0",NA,"6.7","0","-22.8","0","16.5","0",NA,"16.5","0",NA,"","4","","",NA,"829.5","0.0","4013221"
"HIRSCH","49.183","-102.600","SK","",,NA,"",,"",,"20.3","0",NA,"20.3","0",NA,"","1","","",NA,"","","4013251"
"HUMBOLDT","52.267","-105.117","SK","-7.7","4","6.6","5.0","3","-21.7","3","13.6","0","97.0","13.6","0","94.0","","4","","",NA,"693.6","0.0","4013401"
"INDIAN HEAD CDA","50.550","-103.650","SK","-6.7","0","5.7","6.7","0","-20.0","0","29.9","0","111.0","24.7","0","101.0","10.0","3","88.5","0",NA,"765.5","0.0","4013480"
"INDIAN HEAD PFRA","50.500","-103.683","SK","-7.0","0",NA,"6.7","0","-20.0","0","23.2","0",NA,"23.2","0",NA,"","3","86.8","0",NA,"774.6","0.0","4013490"
"KELLIHER","51.250","-103.750","SK","-7.6","0","5.5","6.1","0","-22.2","0","4.4","0","17.0","4.4","0","17.0","","3","","",NA,"794.0","0.0","4013660"
"KIPLING","50.200","-102.733","SK","-8.3","2","4.1","6.1","1","-22.2","1","28.3","0","128.0","29.1","0","127.0","20.0","4","","",NA,"763.9","0.0","4014040"
"KISBEY","49.550","-102.633","SK","",,NA,"",,"",,"25.4","0",NA,"25.4","0",NA,"","4","","",NA,"","","4014050"
"KRISTNES","51.733","-103.633","SK","-8.0","0",NA,"6.7","0","-21.7","0","15.3","0",NA,"15.3","0",NA,"","2","","",NA,"805.9","0.0","4014100"
"KUROKI","52.000","-103.450","SK","-8.3","0",NA,"5.6","0","-21.7","0","26.6","0",NA,"26.6","0",NA,"10.0","6","","",NA,"814.1","0.0","4014115"
"LAKE ALMA","49.067","-104.250","SK","",,"","",,"",,"27.9","0","179.0","28.9","0","177.0","","4","","",NA,"","","4014138"
"LAMPMAN","49.450","-102.617","SK","-8.6","0",NA,"7.2","0","-24.4","0","22.8","0",NA,"22.8","0",NA,"","3","","",NA,"823.4","0.0","4014142"
"LANGENBURG","50.900","-101.717","SK","-8.7","0","4.9","6.7","0","-20.0","0","11.5","0","46.0","11.8","0","47.0","","5","","",NA,"828.7","0.0","4014145"
"LIBERTY","51.133","-105.333","SK","-5.4","0",NA,"8.3","0","-21.1","0","9.7","0",NA,"9.7","0",NA,"","3","","",NA,"725.3","0.0","4014360"
"LIPTON","50.850","-103.767","SK","-7.4","0","6.5","6.7","0","-22.2","0","23.1","0","101.0","23.1","0","100.0","","4","","",NA,"787.3","0.0","4014480"
"LUMSDEN","50.650","-104.867","SK","-5.9","0",NA,"8.9","0","-22.2","0","8.6","0",NA,"8.6","0",NA,"","3","","",NA,"740.6","0.0","4014720"
"LUMSDEN 3","50.600","-104.933","SK","-5.8","5",NA,"9.4","3","-21.7","3","10.4","0",NA,"10.4","0",NA,"","3","","",NA,"618.4","0.0","4014722"
"MACOUN","49.233","-103.233","SK","",,NA,"",,"",,"24.5","0","127.0","24.5","0","121.0","","3","","",NA,"","","4014870"
"MARGO","51.833","-103.333","SK","",,NA,"",,"",,"15.3","0","71.0","15.3","0","71.0","","2","","",NA,"","","4015020"
"MARYFIELD","49.833","-101.517","SK","-8.1","0","4.2","7.8","0","-21.1","0","26.5","0","110.0","26.5","0","108.0","","3","","",NA,"807.9","0.0","4015045"
"MELVILLE","50.950","-102.800","SK","-7.9","0",NA,"7.2","0","-20.6","0","21.0","0",NA,"21.0","0",NA,"","4","","",NA,"804.1","0.0","4015100"
"MIDALE","49.400","-103.400","SK","-6.8","0",NA,"7.2","0","-20.6","0","28.2","0",NA,"28.2","0",NA,"","5","","",NA,"769.3","0.0","4015160"
"MOOSE JAW A","50.333","-105.550","SK","-4.4","0","7.1","9.4","0","-19.4","0","13.8","0","65.0","14.6","0","88.0","3.0","2","93.7","0","109.0","695.0","0.0","4015320"
"MOOSOMIN","50.133","-101.667","SK","-7.6","0","5.9","7.8","0","-20.6","0","38.1","0","198.0","38.1","0","196.0","","4","","",NA,"794.7","0.0","4015360"
"MUENSTER","52.183","-105.000","SK","-7.6","0","6.2","5.6","0","-21.7","0","12.6","0","66.0","12.6","0","65.0","13.0","4","","",NA,"794.8","0.0","4015440"
"NOKOMIS","51.517","-105.000","SK","-6.4","0","6.5","6.7","0","-20.6","0","1.3","0","8.0","1.3","0","8.0","","1","","",NA,"755.1","0.0","4015560"
"NORTHGATE","49.000","-102.267","SK","",,NA,"",,"",,"18.8","0",NA,"18.8","0",NA,"","4","","",NA,"","","4015612"
"ODESSA","50.333","-103.683","SK","-7.3","4",NA,"6.7","3","-19.4","3","29.4","0",NA,"29.4","0",NA,"","4","","",NA,"682.8","0.0","4015648"
"ORMISTON","49.717","-105.367","SK","-5.5","1",NA,"7.2","1","-18.9","0","5.1","0",NA,"5.1","0",NA,"","3","101.4","0",NA,"704.5","0.0","4015680"
"OXBOW","49.217","-102.167","SK","-9.0","20",NA,"1.7","16","-18.9","17","26.7","0",NA,"26.7","0",NA,"","4","","",NA,"296.5","0.0","4015800"
"PASWEGIN","51.983","-103.917","SK","-7.2","0","7.4","6.1","0","-21.1","0","24.1","0","87.0","24.1","0","86.0","","7","","",NA,"782.6","0.0","4015960"
"PREECEVILLE","51.950","-102.650","SK","-8.8","5",NA,"4.4","2","-22.2","3","17.3","0",NA,"17.3","0",NA,"","6","","",NA,"696.9","0.0","4016185"
"QUINTON","51.350","-104.417","SK","",,NA,"",,"",,"12.7","0","84.0","12.7","0","84.0","","3","","",NA,"","","4016335"
"RADVILLE","49.500","-104.283","SK","",,NA,"",,"",,"20.3","0",NA,"21.8","0",NA,"","5","","",NA,"","","4016400"
"RADVILLE MURRAY","49.467","-104.283","SK","",,NA,"",,"",,"22.8","0",NA,"22.8","0",NA,"","3","","",NA,"","","4016402"
"RADVILLE 2","49.400","-104.400","SK","",,NA,"",,"",,"13.1","0",NA,"13.4","0",NA,"","3","","",NA,"","","4016403"
"RAYMORE","51.567","-104.583","SK","-6.7","0",NA,"6.1","0","-21.1","0","5.7","0",NA,"5.7","0",NA,"5.0","1","","",NA,"766.9","0.0","4016450"
"REDVERS","49.600","-101.717","SK","-8.0","2","4.0","7.8","1","-20.0","1","30.9","0","133.0","30.9","0","132.0","","2","","",NA,"754.5","0.0","4016521"
"REGINA A","50.433","-104.667","SK","-6.7","0","5.7","8.3","0","-21.1","0","14.2","0","73.0","11.1","0","71.0","5.0","2","86.6","0","101.0","766.1","0.0","4016560"
"REGINA CDA","50.400","-104.567","SK","-7.8","0",NA,"8.3","0","-25.6","0","15.8","0",NA,"15.7","0",NA,"10.0","2","","",NA,"798.8","0.0","4016640"
"REGINA CITY GREENHOUSES","50.467","-104.600","SK","-6.3","1",NA,"7.8","1","-21.1","0","14.2","0",NA,"14.2","0",NA,"","3","","",NA,"729.1","0.0","4016641"
"REGINA GILMOUR","50.567","-104.833","SK","",,NA,"",,"",,"3.8","0","21.0","3.8","0","20.0","","2","","",NA,"","","4016651"
"REGINA KING","50.517","-104.500","SK","-6.5","10",NA,"7.2","9","-22.2","9","4.6","0",NA,"4.6","0",NA,"","1","","",NA,"515.3","0.0","4016673"
"REGINA NORMANDY HEIGHTS","50.433","-104.633","SK","",,NA,"",,"",,"10.5","0",NA,"10.5","0",NA,"","2","","",NA,"","","4016695"
"ROCANVILLE","50.467","-101.550","SK","-8.0","0","4.2","6.7","0","-20.0","0","13.7","0","51.0","13.7","0","50.0","","4","","",NA,"805.3","0.0","4016842"
"SEMANS","51.417","-104.733","SK","-6.8","0",NA,"6.7","0","-22.8","0","4.1","0",NA,"4.1","0",NA,"","1","","",NA,"769.1","0.0","4017320"
"STRASBOURG","51.067","-104.950","SK","-6.2","0",NA,"7.8","0","-18.9","0","17.8","0",NA,"17.8","0",NA,"","3","","",NA,"751.6","0.0","4017800"
"SUMMERBERRY","50.483","-103.067","SK","-7.8","0",NA,"6.1","0","-23.3","0","16.8","0",NA,"16.8","0",NA,"","2","","",NA,"801.2","0.0","4017910"
"TUGASKE","50.883","-106.300","SK","-5.6","0","5.5","8.3","0","-20.6","0","5.1","0","32.0","5.1","0","31.0","","3","","",NA,"730.7","0.0","4018160"
"WAPELLA","50.183","-102.133","SK","-7.1","0",NA,"7.2","0","-22.2","0","14.8","0",NA,"15.6","0",NA,"","4","","",NA,"778.3","0.0","4018506"
"WARMLEY","49.817","-102.667","SK","",,NA,"",,"",,"27.9","0",NA,"27.9","0",NA,"","3","","",NA,"","","4018513"
"WATROUS","51.667","-105.467","SK","-6.6","0","6.2","6.7","0","-20.6","0","1.6","0","9.0","1.6","0","9.0","","0","","",NA,"761.6","0.0","4018640"
"WEYBURN","49.650","-103.833","SK","-6.9","0","4.3","8.3","0","-23.3","0","18.9","0","93.0","19.2","0","92.0","","2","91.3","0","115.0","771.1","0.0","4018760"
"WHITEWOOD","50.350","-102.267","SK","-8.2","0","4.4","6.7","0","-23.9","0","32.3","0","121.0","33.6","0","119.0","","5","","",NA,"812.3","0.0","4018880"
"WILCOX","50.167","-104.333","SK","-6.5","3",NA,"8.9","2","-19.4","3","40.5","0",NA,"40.5","0",NA,"","4","","",NA,"685.0","0.0","4018920"
"WILLMAR","49.417","-102.500","SK","",,NA,"",,"",,"20.4","0","90.0","20.4","0","90.0","","2","","",NA,"","","4018960"
"WISHART","51.567","-104.117","SK","-7.1","0",NA,"6.1","0","-20.6","0","9.2","0",NA,"9.2","0",NA,"","3","","",NA,"779.6","0.0","4019007"
"WYNYARD","51.767","-104.200","SK","-6.7","0","6.5","6.1","0","-21.1","0","15.2","0","72.0","12.6","0","68.0","5.0","4","82.0","0","99.0","766.3","0.0","4019035"
"YELLOW GRASS","49.817","-104.183","SK","-6.2","0","5.3","7.8","0","-20.0","0","21.6","0","105.0","21.6","0","104.0","18.0","2","","",NA,"751.7","0.0","4019040"
"YORKTON A","51.267","-102.467","SK","-8.3","0","5.8","6.7","0","-20.6","0","22.5","0","91.0","19.7","0","94.0","10.0","4","70.2","0","79.0","813.9","0.0","4019080"
"ZEHNER","50.633","-104.400","SK","",,"","",,"",,"23.4","0","100.0","23.4","0","99.0","","3","","",NA,"","","4019200"
"REGINA UNIVERSITY","50.417","-104.583","SK","-6.5","0",NA,"8.9","0","-22.8","0","18.2","0",NA,"18.2","0",NA,"","2","","",NA,"760.0","0.0","401FFDB"
"ALSASK HARDENE","51.333","-109.850","SK","-5.8","6","6.1","7.8","5","-18.3","5","11.7","0","107.0","11.7","0","102.0","8.0","3","","",NA,"594.7","0.0","4020130"
"ANEROID","49.717","-107.300","SK","-4.6","0","4.7","9.4","0","-17.8","0","16.4","0","103.0","16.4","0","97.0","","6","","",NA,"699.7","0.0","4020160"
"ASSINIBOIA","49.733","-105.967","SK","-5.6","2","5.5","7.2","2","-21.1","2","13.3","0","74.0","13.3","0","73.0","","3","","",NA,"684.6","0.0","4020280"
"BEECHY","50.767","-107.317","SK","-5.1","0","5.1","7.8","0","-18.3","0","12.6","0","93.0","12.6","0","90.0","","4","","",NA,"715.0","0.0","4020560"
"BIRSAY","51.083","-106.967","SK","-5.2","0",NA,"8.3","0","-19.4","0","10.2","0",NA,"10.2","0",NA,"","2","","",NA,"720.1","0.0","4020701"
"BISHOPRIC","50.000","-105.783","SK","-4.9","13",NA,"7.2","9","-18.3","9","9.7","0",NA,"9.7","0",NA,"","1","","",NA,"411.5","0.0","4020720"
"CABRI","50.517","-108.450","SK","-4.5","0",NA,"8.9","0","-19.4","0","11.4","0",NA,"11.4","0",NA,"","2","","",NA,"696.7","0.0","4021025"
"CADILLAC","49.717","-107.750","SK","-4.4","3",NA,"8.9","2","-20.0","2","5.3","0",NA,"5.3","0",NA,"","2","","",NA,"626.4","0.0","4021040"
"CHAPLIN","50.467","-106.650","SK","-5.7","0",NA,"7.2","0","-20.0","0","6.4","0",NA,"6.4","0",NA,"","1","","",NA,"734.0","0.0","4021520"
"CODERRE","50.133","-106.367","SK","-6.2","0","4.8","8.9","0","-21.7","0","15.3","0","91.0","15.3","0","90.0","","3","","",NA,"750.1","0.0","4021600"
"COURVAL","50.183","-105.883","SK","",,"","",,"",,"13.2","0","79.0","13.2","0","79.0","","3","","",NA,"","","4021851"
"EASTLEIGH","50.283","-106.183","SK","-5.6","0","5.1","8.3","0","-20.0","0","25.4","0","168.0","25.4","0","168.0","","5","","",NA,"730.1","0.0","4022328"
"ELBOW","51.117","-106.600","SK","-4.7","0",NA,"8.3","0","-20.0","0","10.2","0",NA,"10.2","0",NA,"","2","","",NA,"705.1","0.0","4022360"
"ELROSE","51.133","-108.033","SK","-6.0","9","4.2","4.4","7","-16.1","8","3.0","0","16.0","3.0","0","16.0","","2","","",NA,"527.9","0.0","4022368"
"ESTON","51.150","-108.767","SK","-6.2","0",NA,"8.3","0","-20.6","0","10.0","0",NA,"10.0","0",NA,"","3","","",NA,"749.1","0.0","4022440"
"GLENTWORTH","49.450","-106.667","SK","",,NA,"",,"",,"11.7","0",NA,"15.5","0",NA,"","2","","",NA,"","","4022934"
"GOLDEN PRAIRIE","50.183","-109.800","SK","-4.0","0","4.9","10.6","0","-26.1","0","14.0","0","97.0","14.0","0","92.0","","3","","",NA,"680.8","0.0","4022936"
"GRAVELBOURG","49.883","-106.550","SK","-4.5","0",NA,"8.9","0","-18.9","0","19.9","0",NA,"19.9","0",NA,"","4","","",NA,"698.0","0.0","4022960"
"GULL LAKE","50.267","-108.550","SK","",,NA,"",,"",,"5.1","0",NA,"5.1","0",NA,"","1","","",NA,"","","4023053"
"GULL LAKE CDA EPF","49.950","-108.467","SK","-4.8","0",NA,"8.9","0","-23.3","0","12.7","0",NA,"12.7","0",NA,"","4","","",NA,"705.9","0.0","4023060"
"HAZENMORE","49.583","-107.100","SK","",,NA,"",,"",,"9.5","0",NA,"9.5","0",NA,"","4","","",NA,"","","4023160"
"HERBERT","50.433","-107.217","SK","-4.5","0",NA,"8.3","0","-17.8","0","12.7","0",NA,"12.7","0",NA,"","2","","",NA,"696.8","0.0","4023210"
"HIGH POINT","50.983","-107.933","SK","",,NA,"",,"",,"10.0","0","90.0","10.0","0","87.0","","4","","",NA,"","","4023240"
"INGEBRIGHT LAKE","50.367","-109.350","SK","-4.6","0",NA,"8.9","0","-21.1","0","8.1","0",NA,"8.1","0",NA,"","2","","",NA,"699.8","0.0","4023500"
"INSTOW","49.717","-108.283","SK","-5.2","0",NA,"8.9","0","-22.2","0","2.6","0",NA,"2.6","0",NA,"","0","","",NA,"720.5","0.0","4023520"
"KINCAID","49.667","-107.000","SK","-5.0","0",NA,"8.9","0","-18.3","0","16.4","0",NA,"16.4","0",NA,"","5","","",NA,"712.3","0.0","4023800"
"KLINTONEL","49.683","-108.917","SK","-4.7","0",NA,"10.0","0","-20.6","0","43.2","0",NA,"43.2","0",NA,"","6","","",NA,"703.6","0.0","4024080"
"LAFLECHE","49.650","-106.567","SK","",,NA,"",,"",,"16.0","0",NA,"16.0","0",NA,"","4","","",NA,"","","4024135"
"LEADER 2","50.883","-109.533","SK","-4.8","0","6.3","9.4","0","-21.7","0","11.7","0","75.0","13.0","0","79.0","5.0","5","","",NA,"707.5","0.0","4024161"
"LIMERICK","49.500","-106.250","SK","-4.5","0",NA,"7.8","0","-20.0","0","14.0","0",NA,"14.0","0",NA,"","3","","",NA,"696.8","0.0","4024400"
"MAPLE CREEK","49.900","-109.483","SK","",,NA,"",,"",,"17.0","0",NA,"17.0","0",NA,"","5","","",NA,"","","4024920"
"MAPLE CREEK NORTH","50.000","-109.467","SK","-2.4","0","4.7","11.7","0","-18.3","0","16.8","0","101.0","17.6","0","100.0","","2","","",NA,"632.0","0.0","4024936"
"MITCHELLTON","49.967","-105.633","SK","",,NA,"",,"",,"12.7","0",NA,"12.7","0",NA,"","2","","",NA,"","","4025242"
"NEIDPATH","50.217","-107.100","SK","",,NA,"",,"",,"11.5","0",NA,"11.5","0",NA,"","3","","",NA,"","","4025485"
"PALMER","49.867","-106.350","SK","-6.4","0",NA,"7.2","0","-19.4","0","18.4","0",NA,"18.4","0",NA,"","3","","",NA,"755.3","0.0","4025855"
"PENNANT","50.533","-108.233","SK","-4.9","0",NA,"8.3","0","-17.8","0","0.0","0",NA,"0.0","0",NA,"","0","","",NA,"710.1","0.0","4026040"
"READLYN","49.583","-105.667","SK","-7.0","2",NA,"7.2","1","-23.3","1","",,NA,"",,NA,"","","","",NA,"725.1","0.0","4026480"
"ROADENE","50.483","-108.750","SK","-3.8","0",NA,"10.0","0","-18.9","0","16.0","0",NA,"16.0","0",NA,"","4","","",NA,"676.5","0.0","4026840"
"ROCK POINT","51.150","-107.267","SK","-5.3","0","5.4","7.2","0","-20.0","0","11.0","0","57.0","11.3","0","58.0","","4","","",NA,"722.2","0.0","4026847"
"RUSH LAKE","50.400","-107.400","SK","-4.9","0",NA,"8.3","0","-19.4","0","8.5","0",NA,"8.5","0",NA,"","2","","",NA,"708.7","0.0","4027000"
"SHACKLETON CDA EPF","50.683","-108.683","SK","",,NA,"",,"",,"22.7","0","136.0","22.7","0","145.0","","5","","",NA,"","","4027400"
"SHAMROCK","50.183","-106.717","SK","-5.3","0",NA,"7.8","0","-20.0","0","12.7","0",NA,"12.7","0",NA,"","3","","",NA,"722.4","0.0","4027440"
"SHAUNAVON","49.650","-108.400","SK","-4.2","0",NA,"8.9","0","-16.7","0","16.5","0",NA,"16.5","0",NA,"","4","","",NA,"686.9","0.0","4027480"
"SHAUNAVON 2","49.650","-108.417","SK","",,"","",,"",,"16.8","0","92.0","16.8","0","87.0","8.0","5","","",NA,"","","4027485"
"SHAUNAVON 3","49.900","-108.417","SK","",,NA,"",,"",,"12.8","0","74.0","12.8","0","66.0","","5","","",NA,"","","4027486"
"STRONGFIELD","51.333","-106.600","SK","",,NA,"",,"",,"7.6","0",NA,"7.6","0",NA,"","3","","",NA,"","","4027880"
"SWIFT CURRENT A","50.300","-107.683","SK","-4.4","0","4.9","9.4","0","-17.2","0","12.8","0","67.0","11.3","0","59.0","5.0","3","101.4","0","119.0","694.2","0.0","4028040"
"SWIFT CURRENT CDA","50.267","-107.733","SK","-4.4","0","4.8","8.3","0","-17.8","0","8.5","0","53.0","9.3","0","59.0","5.0","2","96.6","0","134.0","693.1","0.0","4028060"
"WOODROW","49.567","-106.783","SK","",,NA,"",,"",,"17.3","0","171.0","17.3","0","151.0","","2","","",NA,"","","4029030"
"LAPORTE","51.217","-109.517","SK","-5.7","0",NA,"7.2","0","-20.0","0","14.7","0",NA,"14.7","0",NA,"","4","","",NA,"735.9","0.0","402DADF"
"BRACKEN NORTH","49.383","-108.117","SK","",,NA,"",,"",,"2.5","0",NA,"2.5","0",NA,"","2","","",NA,"","","4030805"
"CLAYDON","49.133","-109.100","SK","-4.9","0","3.7","8.9","0","-23.3","0","3.0","0","20.0","3.0","0","19.0","","1","","",NA,"711.0","0.0","4031581"
"CONSUL","49.300","-109.483","SK","-5.7","0",NA,"10.6","0","-23.3","0","0.0","0",NA,"0.0","0",NA,"","0","","",NA,"735.3","0.0","4031776"
"CORONACH","49.117","-105.517","SK","-6.0","0","4.0","6.1","0","-19.4","0","16.6","0","89.0","16.6","0","86.0","","4","","",NA,"745.1","0.0","4031844"
"EASTEND CDA EPF SOUTH","49.367","-108.767","SK","",,NA,"",,"",,"11.5","0",NA,"15.3","0",NA,"","4","","",NA,"","","4032321"
"EASTEND 2","49.517","-108.817","SK","",,NA,"",,"",,"13.8","0",NA,"13.8","0",NA,"","2","","",NA,"","","4032323"
"EAST POPLAR RIVER","49.000","-105.417","SK","-6.2","1",NA,"7.8","1","-23.9","1","12.6","0",NA,"16.7","0",NA,"","5","","",NA,"725.8","0.0","4032335"
"FRENCHMAN VALLEY","49.383","-107.783","SK","",,NA,"",,"",,"3.8","0",NA,"3.8","0",NA,"","2","","",NA,"","","4032762"
"FRONTIER","49.200","-108.567","SK","",,"","",,"",,"0.0","0","0.0","0.0","0","0.0","","0","","",NA,"","","4032766"
"MANKOTA","49.100","-107.017","SK","-8.2","1","2.5","8.3","1","-23.9","0","10.1","0","71.0","10.1","0","70.0","","3","","",NA,"785.1","0.0","4034910"
"MANKOTA 2","49.000","-106.950","SK","-8.8","0",NA,"7.8","0","-27.2","0","8.6","0",NA,"8.6","0",NA,"","2","","",NA,"830.7","0.0","4034912"
"MINTON","49.167","-104.583","SK","-6.3","0",NA,"7.2","0","-22.8","0","16.0","0",NA,"16.0","0",NA,"","3","","",NA,"751.9","0.0","4035200"
"NASHLYN","49.200","-109.517","SK","-6.4","0",NA,"10.0","0","-24.4","0","0.0","0",NA,"0.0","0",NA,"","0","","",NA,"755.7","0.0","4035480"
"ROBSART","49.383","-109.350","SK","",,NA,"",,"",,"0.0","0",NA,"0.0","0",NA,"","0","","",NA,"","","4036841"
"ROCKGLEN (AUT)","49.167","-105.983","SK","-5.6","0",NA,"6.7","0","-17.8","0","15.4","0",NA,"15.5","0",NA,"3.0","5","","",NA,"730.9","0.0","4036844"
"SENATE","49.267","-109.700","SK","-4.6","0",NA,"7.8","0","-23.9","0","0.0","0",NA,"0.0","0",NA,"","0","","",NA,"700.2","0.0","4037360"
"TREELON","49.000","-108.383","SK","-5.0","0","3.2","8.3","0","-22.8","0","5.1","0","48.0","6.3","0","57.0","","3","","",NA,"714.0","0.0","4038116"
"VAL-MARIE","49.367","-107.850","SK","-6.3","0","3.5","8.9","0","-26.7","0","5.8","0","51.0","5.8","0","47.0","3.0","3","","",NA,"751.9","0.0","4038400"
"WEST POPLAR RIVER","49.000","-106.383","SK","-6.7","0","4.3","7.2","0","-25.0","0","4.1","0","24.0","4.1","0","24.0","","3","","",NA,"765.3","0.0","4038740"
"BAD LAKE IHD 102","51.317","-108.417","SK","-6.1","0",NA,"7.2","0","-18.9","0","11.4","0",NA,"9.1","0",NA,"","3","90.4","0",NA,"745.6","0.0","404037Q"
"BIGGAR","52.067","-107.983","SK","-6.7","1","5.8","7.2","1","-21.1","0","6.1","0","35.0","6.1","0","35.0","","2","","",NA,"742.0","0.0","4040600"
"BUTTE ST PIERRE","53.450","-109.200","SK","-9.3","0","5.2","7.2","0","-25.0","0","15.3","0","108.0","15.3","0","104.0","","2","","",NA,"847.0","0.0","4041000"
"DENZIL","52.300","-109.583","SK","-6.4","0",NA,"6.7","0","-20.0","0","18.1","0",NA,"18.1","0",NA,"","4","","",NA,"755.4","0.0","4042188"
"GLASLYN CDA EPF","53.333","-108.267","SK","-8.5","0",NA,"4.4","0","-24.4","0","29.2","0",NA,"29.2","0",NA,"","4","","",NA,"820.6","0.0","4042880"
"GLENBUSH","53.100","-108.033","SK","-9.6","0",NA,"5.0","0","-28.3","0","7.6","0",NA,"7.6","0",NA,"","2","","",NA,"856.8","0.0","4042921"
"HILLMOND","53.433","-109.717","SK","-8.4","1","5.3","7.8","1","-22.8","1","21.0","0","145.0","21.0","0","133.0","","3","","",NA,"790.8","0.0","4043246"
"KELFIELD","52.000","-108.583","SK","",,NA,"",,"",,"11.5","0",NA,"16.8","0",NA,"","5","","",NA,"","","4043653"
"KERROBERT","51.967","-109.050","SK","",,"","",,"",,"5.1","0","46.0","5.1","0","44.0","","1","","",NA,"","","4043750"
"KINDERSLEY CDA EPF","51.500","-109.167","SK","-6.1","10",NA,"6.7","7","-21.1","6","21.6","0",NA,"21.6","0",NA,"","4","","",NA,"505.2","0.0","4043904"
"KINDERSLEY KY","51.467","-109.167","SK","-5.3","0",NA,"7.2","0","-18.3","0","9.5","0",NA,"8.6","0",NA,"5.0","2","","",NA,"723.7","0.0","4043920"
"LASHBURN","53.033","-109.550","SK","-6.6","0",NA,"8.9","0","-22.8","0","10.6","0",NA,"10.9","0",NA,"","3","","",NA,"762.2","0.0","4044152"
"LLOYDMINSTER 12E","53.283","-109.667","SK","",,"","",,"",,"27.8","0","120.0","27.8","0","118.0","","2","","",NA,"","","4044562"
"MACKLIN","52.333","-109.950","SK","-6.7","0",NA,"5.0","0","-19.4","0","11.7","0",NA,"11.7","0",NA,"","3","","",NA,"765.7","0.0","4044800"
"NORTH BATTLEFORD A","52.772","-108.256","SK","-6.8","0","7.0","7.8","0","-20.6","0","14.8","0","85.0","17.8","0","131.0","10.0","5","","",NA,"769.3","0.0","4045600"
"PAYNTON","53.017","-108.950","SK","-7.4","0",NA,"8.3","0","-22.8","0","16.0","0",NA,"18.3","0",NA,"","4","","",NA,"786.7","0.0","4045975"
"RABBIT LAKE","53.100","-107.867","SK","-8.4","0",NA,"4.4","0","-23.3","0","29.2","0",NA,"29.2","0",NA,"","6","","",NA,"818.0","0.0","4046360"
"ROSETOWN CDA EPF","51.517","-107.883","SK","-6.0","0",NA,"6.7","0","-20.6","0","7.6","0",NA,"7.6","0",NA,"","2","","",NA,"743.0","0.0","4046880"
"ST DONATUS","51.983","-109.900","SK","",,NA,"",,"",,"9.9","0",NA,"9.9","0",NA,"","4","","",NA,"","","4047050"
"SCOTSTOWN","52.383","-109.400","SK","-7.1","0","4.6","4.4","0","-20.6","0","10.7","0","60.0","10.7","0","59.0","","2","","",NA,"778.9","0.0","4047238"
"SCOTT CDA","52.360","-108.835","SK","-7.5","0","6.4","8.3","0","-21.7","0","8.9","0","60.0","7.7","0","55.0","","3","84.0","0","124.0","791.4","0.0","4047240"
"WASECA","53.133","-109.400","SK","-7.0","0","5.7","6.1","0","-23.3","0","22.9","0","153.0","23.4","0","150.0","","5","","",NA,"775.3","0.0","4048520"
"ASQUITH","52.133","-107.233","SK","-6.4","0",NA,"7.8","0","-22.2","0","9.6","0",NA,"10.3","0",NA,"","4","","",NA,"756.1","0.0","4050275"
"BLACKSTRAP","51.783","-106.400","SK","-5.7","5",NA,"6.1","3","-22.2","3","3.8","0",NA,"3.8","0",NA,"","2","","",NA,"615.5","0.0","4050768"
"CAMEO","53.283","-106.550","SK","-8.3","0",NA,"6.1","0","-25.6","0","23.7","0",NA,"23.7","0",NA,"15.0","5","","",NA,"814.2","0.0","4051080"
"COLONSAY","51.933","-105.767","SK","-6.6","0",NA,"6.1","0","-20.0","0","7.9","0",NA,"7.9","0",NA,"","1","","",NA,"761.8","0.0","4051636"
"DANA CFB","52.283","-105.767","SK","-6.9","0",NA,"7.8","0","-20.0","0","7.6","0",NA,"8.1","0",NA,"","2","","",NA,"771.7","0.0","4052070"
"DUNDURN","51.800","-106.500","SK","-6.5","0",NA,"5.0","0","-22.8","0","13.3","0",NA,"13.3","0",NA,"8.0","4","","",NA,"759.6","0.0","4052280"
"ETHELTON","52.767","-104.900","SK","-6.9","0",NA,"6.1","0","-22.2","0","11.2","0",NA,"13.0","0",NA,"","4","","",NA,"771.7","0.0","4052448"
"FOXFORD","53.417","-105.117","SK","-8.8","0",NA,"3.9","0","-23.9","0","14.7","0",NA,"14.7","0",NA,"","6","","",NA,"831.3","0.0","4052671"
"GLENSIDE","51.467","-106.833","SK","",,NA,"",,"",,"5.3","0",NA,"5.3","0",NA,"","3","","",NA,"","","4052933"
"HAFFORD","52.717","-107.367","SK","-7.8","0",NA,"5.0","0","-23.3","0","12.6","0",NA,"12.6","0",NA,"","3","","",NA,"800.6","0.0","4053080"
"HAGUE","52.500","-106.483","SK","-7.3","6",NA,"6.7","4","-22.2","3","10.7","0",NA,"10.7","0",NA,"","1","","",NA,"632.7","0.0","4053083"
"HARRIS","51.733","-107.583","SK","-6.6","0","5.7","6.7","0","-20.0","0","6.0","0","28.0","6.0","0","27.0","","1","","",NA,"762.1","0.0","4053120"
"KRYDOR","52.700","-107.033","SK","-6.9","0",NA,"4.4","0","-21.1","0","10.5","0",NA,"12.8","0",NA,"","5","","",NA,"771.4","0.0","4054110"
"LENEY","51.883","-107.517","SK","-6.6","0",NA,"8.9","0","-23.3","0","5.0","0",NA,"5.0","0",NA,"","2","","",NA,"762.9","0.0","4054306"
"MELFORT CDA","52.817","-104.600","SK","-7.9","0","7.6","5.0","0","-21.7","0","21.8","0","125.0","15.3","0","86.0","13.0","4","74.0","0","120.0","801.5","0.0","4055085"
"OUTLOOK PFRA","51.483","-107.050","SK","-5.1","0","5.7","7.2","0","-18.9","0","5.8","0","40.0","5.8","0","39.0","","2","77.8","0","105.0","714.8","0.0","4055736"
"PILGER","52.417","-105.150","SK","-7.6","1","6.5","5.0","1","-22.2","1","1.5","0","9.0","1.5","0","8.0","","1","","",NA,"768.4","0.0","4056120"
"PRINCE ALBERT A","53.217","-105.667","SK","-8.5","0","6.3","5.6","0","-24.4","0","17.5","0","93.0","12.7","0","76.0","13.0","5","70.5","0","94.0","821.6","0.0","4056240"
"ST LOUIS","52.917","-105.800","SK","-7.2","0",NA,"6.1","0","-22.8","0","13.0","0",NA,"14.3","0",NA,"","4","","",NA,"779.9","0.0","4057070"
"SASKATOON A","52.167","-106.717","SK","-6.8","0","6.4","7.2","0","-21.1","0","10.2","0","64.0","11.8","0","92.0","3.0","4","","",NA,"769.1","0.0","4057120"
"SASKATOON CENTRAL AVE","52.100","-106.600","SK","-6.6","0",NA,"6.7","0","-20.6","0","7.9","0",NA,"7.9","0",NA,"","3","","",NA,"761.8","0.0","4057130"
"SASKATOON SRC","52.150","-106.600","SK","-6.9","0","5.5","7.2","0","-22.2","0","12.1","0","101.0","12.9","0","101.0","3.0","4","90.5","0","105.0","772.1","0.0","4057180"
"SASKATOON WATER TP","52.117","-106.683","SK","-5.8","0","5.5","6.7","0","-18.9","0","5.4","0","38.0","5.4","0","38.0","","2","","",NA,"739.3","0.0","4057202"
"VALLEY PARK","51.883","-106.817","SK","-6.3","0",NA,"6.7","0","-23.3","0","5.6","0",NA,"5.6","0",NA,"","2","","",NA,"754.3","0.0","4058390"
"VISCOUNT","51.950","-105.633","SK","",,"","",,"",,"10.6","0","56.0","12.9","0","65.0","","4","","",NA,"","","4058492"
"BIG RIVER","53.833","-107.033","SK","",,NA,"",,"",,"11.4","0",NA,"11.4","0",NA,"","6","","",NA,"","","4060620"
"BUFFALO NARROWS","55.850","-108.467","SK","-9.2","0",NA,"5.0","0","-23.3","0","22.2","0",NA,"22.5","0",NA,"15.0","6","","",NA,"843.2","0.0","4060981"
"COLLINS BAY","58.183","-103.700","SK","-16.1","0",NA,"0.0","0","-32.8","0","50.8","0",NA,"45.0","0",NA,"56.0","13","","",NA,"1058.2","0.0","4061630"
"CREE LAKE","57.350","-107.133","SK","-12.7","0",NA,"2.2","0","-33.9","0","49.2","0",NA,"34.2","0",NA,"41.0","6","24.0","0",NA,"950.5","0.0","4061861"
"FOSTER LAKE","56.800","-105.350","SK","",,NA,"",,"",,"32.0","0",NA,"32.0","0",NA,"","12","","",NA,"","","4062660"
"GREEN LAKE","54.283","-107.783","SK","",,NA,"",,"",,"5.1","0",NA,"5.1","0",NA,"","2","","",NA,"","","4063020"
"ISLAND FALLS","55.533","-102.350","SK","-12.8","0","6.2","2.2","0","-30.0","0","17.4","0","77.0","17.4","0","77.0","","8","","",NA,"953.9","0.0","4063560"
"LAC LA RONGE","55.133","-105.333","SK","",,NA,"",,"",,"17.6","0",NA,"17.6","0",NA,"","8","","",NA,"","","4064130"
"LA RONGE A","55.150","-105.267","SK","-9.9","0","6.5","3.9","0","-27.8","0","19.4","0","78.0","12.6","0","55.0","15.0","4","","",NA,"864.0","0.0","4064150"
"LOON LAKE CDA EPF","54.050","-109.100","SK","-7.0","0","7.4","6.1","0","-26.1","0","6.4","0","40.0","6.4","0","37.0","8.0","2","","",NA,"776.2","0.0","4064600"
"MEADOW LAKE","54.133","-108.433","SK","-6.6","0",NA,"5.6","0","-22.8","0","7.9","0",NA,"7.9","0",NA,"8.0","4","","",NA,"761.3","0.0","4065055"
"STANLEY","55.417","-104.567","SK","",,NA,"",,"",,"20.0","0",NA,"20.0","0",NA,"","6","","",NA,"","","4067740"
"STONY RAPIDS","59.250","-105.833","SK","-17.7","0",NA,"-6.1","0","-36.7","0","53.5","0",NA,"53.5","0",NA,"","13","","",NA,"1107.9","0.0","4067795"
"URANIUM CITY A","59.567","-108.483","SK","-15.6","0",NA,"-2.8","0","-29.4","0","94.6","0",NA,"46.8","0",NA,"56.0","10","","",NA,"1041.6","0.0","4068340"
"VICTOIRE","53.483","-107.033","SK","-6.5","0",NA,"8.9","0","-23.9","0","27.9","0",NA,"27.9","0",NA,"","6","","",NA,"759.9","0.0","4068485"
"WHITESAND DAM","56.233","-103.150","SK","-12.8","1","5.8","2.2","1","-30.0","1","13.8","0","64.0","13.8","0","64.0","","8","","",NA,"925.3","0.0","4068840"
"AYLSHAM","53.200","-103.800","SK","-8.8","0","6.5","3.9","0","-23.9","0","14.8","0","75.0","22.4","0","109.0","","5","","",NA,"831.2","0.0","4070365"
"CHOICELAND","53.500","-104.483","SK","-10.7","0",NA,"0.6","0","-25.6","0","28.0","0",NA,"28.0","0",NA,"25.0","7","","",NA,"889.3","0.0","4071560"
"CODETTE ELKHORN","53.250","-104.167","SK","",,NA,"",,"",,"11.0","0",NA,"11.0","0",NA,"","4","","",NA,"","","4071612"
"CROOKED RIVER","52.850","-103.733","SK","-8.0","1",NA,"3.9","0","-24.4","1","11.7","0",NA,"14.2","0",NA,"","6","","",NA,"780.3","0.0","4071913"
"CUMBERLAND HOUSE","53.950","-102.267","SK","-11.4","14",NA,"1.7","11","-23.3","12","14.7","0",NA,"14.7","0",NA,"","5","","",NA,"500.6","0.0","4071961"
"LOST RIVER","53.283","-104.333","SK","-8.9","0",NA,"5.6","0","-28.9","0","10.1","0",NA,"10.1","0",NA,"","3","","",NA,"832.6","0.0","4074640"
"NIPAWIN A","53.333","-104.000","SK","-9.2","0","6.8","5.0","0","-23.9","0","11.4","0","46.0","9.6","0","53.0","10.0","4","73.5","0","92.0","842.1","0.0","4075518"
"NIPAWIN 2","53.350","-104.017","SK","-8.7","0",NA,"5.6","0","-22.8","0","9.1","0",NA,"9.1","0",NA,"","4","","",NA,"827.5","0.0","4075520"
"TISDALE","52.867","-104.000","SK","-7.1","0",NA,"4.4","0","-21.7","0","10.2","0",NA,"10.2","0",NA,"","3","","",NA,"779.3","0.0","4078080"
"ARCHERWILL","52.433","-104.017","SK","",,NA,"",,"",,"6.7","0",NA,"6.7","0",NA,"","2","","",NA,"","","4080200"
"ARRAN 23N","52.200","-101.633","SK","-9.6","0",NA,"5.6","0","-23.3","0","17.6","0",NA,"17.9","0",NA,"10.0","4","","",NA,"855.3","0.0","4080262"
"HUDSON BAY","52.867","-102.400","SK","-10.0","0",NA,"5.6","0","-23.9","0","21.3","0",NA,"13.6","0",NA,"18.0","4","","",NA,"869.5","0.0","4083320"
"LAC VERT","52.517","-104.350","SK","-7.9","0",NA,"4.4","0","-21.1","0","16.8","0",NA,"16.8","0",NA,"","4","","",NA,"803.3","0.0","4084ALM"
"MCKAGUE","52.567","-103.833","SK","-8.3","0",NA,"5.0","0","-22.8","0","13.9","0",NA,"13.9","0",NA,"","4","","",NA,"815.9","0.0","4085050"
"PELLY","52.083","-101.867","SK","-9.9","0","5.1","6.1","0","-23.3","0","19.5","0","73.0","19.5","0","72.0","","5","","",NA,"864.6","0.0","4086000"
"PORCUPINE PLAIN","52.650","-103.150","SK","-8.8","1",NA,"4.4","1","-24.4","0","11.3","0",NA,"11.3","0",NA,"","7","","",NA,"803.9","0.0","4086160"
"PRAIRIE RIVER","52.867","-102.983","SK","-11.2","0",NA,"4.4","0","-27.8","0","18.9","0",NA,"18.9","0",NA,"","5","","",NA,"904.2","0.0","4086180"
"SOMME CDA EPF","52.617","-103.017","SK","-9.3","0",NA,"4.4","0","-23.3","0","7.1","0",NA,"7.1","0",NA,"","3","","",NA,"845.7","0.0","4087640"
"BALDUR","49.300","-99.333","MB","-8.2","2","4.1","6.7","1","-21.7","1","35.0","0","149.0","35.0","0","138.0","","3","","",NA,"761.2","0.0","5010140"
"BEDE","49.367","-100.933","MB","-8.5","0",NA,"9.4","0","-22.2","0","29.2","0",NA,"29.2","0",NA,"","3","","",NA,"820.9","0.0","5010180"
"BINSCARTH","50.583","-101.267","MB","-8.9","0","5.1","5.6","0","-21.7","0","16.2","0","64.0","16.7","0","64.0","","5","","",NA,"832.5","0.0","5010216"
"BIRTLE","50.433","-101.050","MB","-9.0","0",NA,"5.6","0","-22.8","0","24.9","0",NA,"24.9","0",NA,"","5","","",NA,"836.5","0.0","5010240"
"BRANDON A","49.917","-99.950","MB","-9.1","0","4.9","7.8","0","-21.1","0","17.9","0","72.0","14.4","0","69.0","8.0","3","","",NA,"840.4","0.0","5010480"
"BRANDON CDA","49.867","-99.983","MB","-8.6","0","5.1","8.3","0","-22.8","0","16.5","0","81.0","16.2","0","76.0","","2","85.4","0",NA,"823.7","0.0","5010485"
"CARBERRY","49.867","-99.350","MB","-7.8","2",NA,"7.2","2","-22.8","1","15.3","0",NA,"15.3","0",NA,"","3","","",NA,"747.9","0.0","5010548"
"CARROLL","49.550","-100.000","MB","",,NA,"",,"",,"18.0","0",NA,"18.0","0",NA,"","3","","",NA,"","","5010554"
"CYPRESS RIVER","49.550","-99.083","MB","-8.2","0","4.2","7.2","0","-21.7","0","17.7","0","67.0","17.7","0","64.0","","3","","",NA,"810.9","0.0","5010640"
"DELORAINE","49.183","-100.500","MB","-7.6","0",NA,"5.6","0","-23.3","0","22.2","0",NA,"22.2","0",NA,"","3","","",NA,"795.0","0.0","5010760"
"DELORAINE 2","49.167","-100.400","MB","-7.8","0",NA,"7.8","0","-23.3","0","48.3","0",NA,"48.3","0",NA,"","4","","",NA,"799.5","0.0","5010761"
"FOXWARREN","50.517","-101.150","MB","",,NA,"",,"",,"17.8","0",NA,"17.8","0",NA,"","4","","",NA,"","","5010981"
"GLENBORO","49.567","-99.333","MB","-7.5","0",NA,"7.8","0","-22.2","0","17.3","0",NA,"17.3","0",NA,"","3","","",NA,"791.6","0.0","5011051"
"GOODLANDS CDA EPF","49.133","-100.600","MB","-8.2","0",NA,"8.3","0","-21.7","0","23.6","0",NA,"23.6","0",NA,"","5","","",NA,"813.5","0.0","5011080"
"HAMIOTA","50.183","-100.617","MB","-9.2","0",NA,"6.1","0","-24.4","0","17.8","0",NA,"17.8","0",NA,"","3","","",NA,"842.4","0.0","5011240"
"HARDING","50.033","-100.500","MB","-8.8","8",NA,"7.2","4","-22.2","4","12.7","0",NA,"12.7","0",NA,"","3","","",NA,"616.5","0.0","5011275"
"LYLETON","49.050","-101.183","MB","",,NA,"",,"",,"28.4","0",NA,"29.2","0",NA,"","3","","",NA,"","","5011600"
"MCCONNELL","50.267","-100.600","MB","",,NA,"",,"",,"20.2","0",NA,"20.2","0",NA,"","4","","",NA,"","","5011705"
"MINNEDOSA","50.267","-99.833","MB","-9.6","0","5.4","5.6","0","-24.4","0","13.4","0","68.0","13.4","0","64.0","","4","","",NA,"855.4","0.0","5011760"
"OAKNER","50.100","-100.633","MB","-9.1","0","4.7","6.7","0","-22.8","0","16.9","0","64.0","16.9","0","63.0","","4","","",NA,"839.6","0.0","5012054"
"PIERSON","49.183","-101.267","MB","-8.8","0","3.2","7.8","0","-21.7","0","",,NA,"",,NA,"","","","",NA,"829.4","0.0","5012080"
"PORTAGE SOUTHPORT A","49.900","-98.267","MB","-7.4","0",NA,"6.1","0","-20.6","0","23.2","0",NA,"19.0","0",NA,"15.0","3","","",NA,"788.7","0.0","5012320"
"PORTAGE LA PRAIRIE CDA","49.950","-98.267","MB","",,NA,"",,"",,"22.4","0","89.0","22.4","0","84.0","","5","","",NA,"","","5012321"
"PORTAGE LA PRAIRIE 2","49.983","-98.317","MB","-8.0","0",NA,"6.1","0","-20.6","0","26.8","0",NA,"26.8","0",NA,"20.0","4","","",NA,"805.4","0.0","5012322"
"RESTON","49.550","-101.100","MB","-8.6","0",NA,"10.0","0","-21.7","0","26.3","0",NA,"26.3","0",NA,"","4","","",NA,"824.2","0.0","5012400"
"ROBLIN","51.233","-101.383","MB","-9.5","0",NA,"5.0","0","-22.8","0","19.0","0",NA,"19.0","0",NA,"","3","","",NA,"851.9","0.0","5012471"
"ROSSBURN","50.667","-100.817","MB","-8.3","0",NA,"4.4","0","-20.6","0","17.3","0",NA,"17.3","0",NA,"8.0","4","","",NA,"815.1","0.0","5012500"
"ROSSBURN 10N","50.800","-100.833","MB","-8.7","0",NA,"5.6","0","-22.8","0","17.7","0",NA,"17.7","0",NA,"","4","","",NA,"829.1","0.0","5012501"
"RUSSELL","50.767","-101.283","MB","-8.9","0",NA,"5.0","0","-20.6","0","22.1","0",NA,"22.1","0",NA,"","5","","",NA,"833.4","0.0","5012520"
"ST ALPHONSE","49.450","-99.017","MB","",,"","",,"",,"30.4","0","121.0","30.4","0","114.0","","7","","",NA,"","","5012545"
"SANDY LAKE","50.500","-100.100","MB","",,NA,"",,"",,"16.1","0",NA,"16.1","0",NA,"","6","","",NA,"","","5012620"
"SHOAL LAKE","50.483","-100.717","MB","",,NA,"",,"",,"17.7","0",NA,"17.7","0",NA,"","4","","",NA,"","","5012676"
"SOMERSET","49.450","-98.617","MB","-9.0","1",NA,"4.4","1","-22.8","0","31.3","0",NA,"31.3","0",NA,"36.0","3","","",NA,"811.0","0.0","5012710"
"STRATHCLAIR","50.400","-100.400","MB","-9.5","2","4.9","4.4","2","-24.4","1","21.0","0","94.0","21.0","0","90.0","","5","","",NA,"796.9","0.0","5012796"
"TREHERNE","49.633","-98.700","MB","",,NA,"",,"",,"13.0","0",NA,"13.0","0",NA,"","5","","",NA,"","","5012930"
"VIRDEN","49.833","-100.950","MB","-8.8","0","4.1","8.9","0","-22.8","0","34.6","0","148.0","34.6","0","149.0","20.0","6","","",NA,"829.7","0.0","5012960"
"VIRDEN SCARTH","49.733","-100.967","MB","",,NA,"",,"",,"22.9","0",NA,"22.9","0",NA,"","5","","",NA,"","","5012965"
"WASAGAMING","50.650","-99.933","MB","-9.9","3","4.3","3.3","2","-26.1","1","26.4","0","132.0","26.4","0","130.0","","5","","",NA,"780.5","0.0","5013117"
"WASKADA","49.033","-100.750","MB","-9.5","0",NA,"7.8","0","-23.3","0","36.8","0",NA,"36.8","0",NA,"","4","","",NA,"853.1","0.0","5013120"
"ALTONA","49.100","-97.550","MB","-8.3","0","3.6","7.8","0","-21.1","0","33.1","0","119.0","33.1","0","111.0","","7","","",NA,"814.5","0.0","5020040"
"BOISSEVAIN","49.233","-100.050","MB","-7.0","0",NA,"7.2","0","-18.3","0","26.7","0",NA,"26.7","0",NA,"","3","","",NA,"776.5","0.0","5020320"
"CARMAN","49.433","-98.150","MB","",,"","",,"",,"19.2","0","88.0","19.2","0","80.0","","3","","",NA,"","","5020551"
"CARMAN 2","49.517","-98.000","MB","",,NA,"",,"",,"13.7","0",NA,"13.7","0",NA,"","4","","",NA,"","","5020553"
"CARTWRIGHT","49.100","-99.350","MB","-7.8","0",NA,"7.8","0","-20.6","0","30.5","0",NA,"30.5","0",NA,"","2","","",NA,"800.3","0.0","5020555"
"DACOTAH","49.867","-97.650","MB","",,NA,"",,"",,"11.4","0",NA,"11.4","0",NA,"","3","","",NA,"","","5020648"
"DEERWOOD","49.400","-98.317","MB","-7.5","0",NA,"6.1","0","-21.1","0","26.7","0",NA,"26.7","0",NA,"","5","","",NA,"790.6","0.0","5020720"
"DUGALD","49.867","-96.817","MB","-9.0","0",NA,"3.3","0","-22.2","0","15.8","0",NA,"15.8","0",NA,"","8","","",NA,"837.2","0.0","5020810"
"ELM CREEK","49.717","-98.017","MB","-8.2","2",NA,"6.1","2","-24.4","1","28.2","0",NA,"28.2","0",NA,"","7","","",NA,"760.7","0.0","5020870"
"FANNYSTELLE","49.800","-97.867","MB","",,NA,"",,"",,"24.3","0","115.0","24.6","0","108.0","","6","","",NA,"","","5020913"
"GLENLEA","49.650","-97.117","MB","-8.8","3","5.5","4.4","1","-21.7","2","19.9","0","94.0","19.9","0","93.0","13.0","4","74.7","0","87.0","750.8","0.0","5021054"
"GRAYSVILLE","49.500","-98.167","MB","-7.9","0",NA,"6.7","0","-22.2","0","22.9","0",NA,"22.9","0",NA,"","4","","",NA,"803.3","0.0","5021160"
"GREEN RIDGE","49.167","-96.983","MB","",,NA,"",,"",,"25.3","0","125.0","26.8","0","120.0","","5","","",NA,"","","5021205"
"GROSSE ISLE","50.050","-97.433","MB","",,NA,"",,"",,"13.9","0","77.0","13.9","0","72.0","","4","","",NA,"","","5021225"
"KILLARNEY","49.183","-99.650","MB","-7.3","4",NA,"6.7","3","-19.4","3","22.8","0",NA,"22.8","0",NA,"","2","","",NA,"681.8","0.0","5021480"
"MANITOU","49.267","-98.483","MB","-9.3","0",NA,"5.6","0","-22.8","0","25.4","0",NA,"25.4","0",NA,"","3","","",NA,"844.8","0.0","5021688"
"MARQUETTE","50.017","-97.800","MB","-8.1","0","4.8","5.6","0","-22.8","0","14.7","0","56.0","14.7","0","55.0","","5","","",NA,"809.9","0.0","5021695"
"MIAMI HAWKEN","49.333","-98.367","MB","",,NA,"",,"",,"24.1","0",NA,"24.1","0",NA,"","3","","",NA,"","","5021735"
"MIAMI ORCHARD","49.367","-98.283","MB","",,NA,"",,"",,"27.9","0","107.0","27.9","0","99.0","","4","","",NA,"","","5021736"
"MIAMI THIESSEN","49.450","-98.250","MB","",,NA,"",,"",,"25.5","0",NA,"25.5","0",NA,"","4","","",NA,"","","5021737"
"MORDEN CDA","49.183","-98.083","MB","-6.9","0","5.4","7.8","0","-20.0","0","25.4","0","141.0","25.4","0","126.0","15.0","4","90.4","0","97.0","770.9","0.0","5021848"
"MORRIS","49.350","-97.367","MB","-8.7","0",NA,"6.7","0","-20.0","0","10.2","0",NA,"10.2","0",NA,"","1","","",NA,"827.9","0.0","5021920"
"MORRIS 2","49.433","-97.483","MB","",,NA,"",,"",,"20.7","0","85.0","20.7","0","81.0","","5","","",NA,"","","5021965"
"MYRTLE","49.400","-97.783","MB","-8.9","3","4.3","6.1","1","-23.9","2","32.5","0","136.0","32.5","0","127.0","","5","","",NA,"753.2","0.0","5021975"
"MYRTLE 2","49.333","-97.767","MB","",,NA,"",,"",,"20.6","0","49.0","20.6","0","47.0","","5","","",NA,"","","5021977"
"NAROL","50.050","-96.967","MB","-8.9","0",NA,"4.4","0","-21.7","0","17.0","0",NA,"17.0","0",NA,"","5","","",NA,"835.3","0.0","5021992"
"NINETTE","49.400","-99.633","MB","-7.9","0",NA,"8.3","0","-20.6","0","",,NA,"",,NA,"","","","",NA,"802.6","0.0","5022040"
"NIVERVILLE","49.600","-97.050","MB","-9.8","0",NA,"4.4","0","-23.3","0","17.6","0",NA,"17.6","0",NA,"","5","","",NA,"862.2","0.0","5022043"
"PEACE GARDENS","49.000","-100.050","MB","-8.9","0","4.2","5.6","0","-22.2","0","39.5","0","163.0","39.5","0","163.0","","6","","",NA,"833.9","0.0","5022065"
"PETERSFIELD","50.317","-96.983","MB","-9.3","2",NA,"2.2","1","-19.4","1","11.0","0",NA,"11.0","0",NA,"","5","","",NA,"791.0","0.0","5022070"
"PILOT MOUND (AUT)","49.200","-98.900","MB","-8.6","0",NA,"6.7","0","-21.1","0","18.6","0",NA,"18.9","0",NA,"18.0","3","","",NA,"825.5","0.0","5022125"
"PLUM COULEE","49.050","-97.800","MB","-7.4","0","5.0","8.3","0","-22.8","0","22.7","0","116.0","22.7","0","109.0","","4","","",NA,"786.3","0.0","5022245"
"RATHWELL","49.683","-98.550","MB","-7.6","0","5.6","7.2","0","-21.7","0","17.8","0","64.0","17.8","0","61.0","","2","","",NA,"792.9","0.0","5022335"
"ROLAND","49.417","-98.000","MB","-8.2","0",NA,"6.1","0","-22.8","0","22.7","0",NA,"22.7","0",NA,"","6","","",NA,"810.8","0.0","5022480"
"ST BONIFACE BENTWOOD","49.867","-97.083","MB","",,NA,"",,"",,"22.7","0",NA,"22.7","0",NA,"","6","","",NA,"","","5022549"
"ST CLAUDE","49.650","-98.367","MB","",,NA,"",,"",,"27.9","0","111.0","27.9","0","103.0","","3","","",NA,"","","5022550"
"STE ELIZABETH","49.317","-97.167","MB","",,NA,"",,"",,"20.6","0",NA,"20.6","0",NA,"","4","","",NA,"","","5022553"
"ST NORBERT","49.767","-97.150","MB","-8.2","0",NA,"4.4","0","-20.6","0","14.1","0",NA,"14.1","0",NA,"","4","","",NA,"812.1","0.0","5022603"
"SELKIRK","50.167","-96.868","MB","-8.7","0",NA,"3.9","0","-20.6","0","8.4","0",NA,"8.4","0",NA,"","4","","",NA,"827.4","0.0","5022630"
"SPERLING","49.500","-97.700","MB","",,NA,"",,"",,"16.8","0","71.0","16.8","0","67.0","","6","","",NA,"","","5022740"
"SPRAGUE","49.017","-95.600","MB","-8.4","0","5.1","3.3","0","-21.1","0","24.1","0","94.0","24.1","0","93.0","","6","","",NA,"818.3","0.0","5022760"
"STARBUCK","49.733","-97.617","MB","-9.2","3","4.3","5.0","2","-22.2","2","15.2","0","61.0","15.2","0","58.0","","4","","",NA,"761.0","0.0","5022770"
"STEINBACH","49.533","-96.767","MB","-8.3","0","5.1","4.4","0","-19.4","0","10.0","0","43.0","10.0","0","41.0","","3","","",NA,"813.8","0.0","5022780"
"STONEWALL","50.117","-97.333","MB","-9.1","0",NA,"4.4","0","-23.3","0","15.3","0",NA,"15.3","0",NA,"","5","","",NA,"841.3","0.0","5022788"
"STONY MOUNTAIN","50.117","-97.167","MB","-9.5","0","3.8","3.3","0","-21.7","0","15.2","0","61.0","15.2","0","58.0","","5","","",NA,"851.1","0.0","5022791"
"VITA","49.133","-96.567","MB","-8.5","1",NA,"3.9","1","-21.7","0","22.3","0",NA,"22.3","0",NA,"","2","","",NA,"793.7","0.0","5023000"
"WHITEMOUTH LAKE","49.283","-95.750","MB","-8.7","0",NA,"4.4","0","-22.8","0","18.8","0",NA,"18.8","0",NA,"","3","","",NA,"828.0","0.0","5023149"
"WINNIPEG INT'L A","49.917","-97.233","MB","-8.7","0","4.5","4.4","0","-21.1","0","18.6","0","81.0","13.2","0","61.0","8.0","5","94.6","0","95.0","826.4","0.0","5023222"
"WINNIPEG ST BONIFACE WW","49.883","-97.100","MB","",,NA,"",,"",,"16.6","0",NA,"16.6","0",NA,"","6","","",NA,"","","5023233"
"WINNIPEG STP","49.950","-97.100","MB","-7.9","0",NA,"4.4","0","-18.9","0","10.5","0",NA,"10.5","0",NA,"","5","","",NA,"802.4","0.0","5023261"
"ARBORG","50.933","-97.083","MB","-9.8","0","5.0","2.2","0","-23.3","0","8.6","0","46.0","8.6","0","44.0","","3","","",NA,"862.2","0.0","5030080"
"BEAUSEJOUR","50.133","-96.217","MB","-8.6","0",NA,"2.8","0","-22.8","0","9.4","0",NA,"9.2","0",NA,"10.0","3","","",NA,"825.8","0.0","5030155"
"BEAUSEJOUR 2","50.033","-96.467","MB","-9.1","0","5.0","1.7","0","-22.8","0","17.7","0","69.0","17.7","0","65.0","","4","","",NA,"839.3","0.0","5030160"
"BISSETT","51.033","-95.700","MB","-9.5","0",NA,"2.2","0","-26.7","0","7.5","0",NA,"5.9","0",NA,"13.0","1","76.4","0",NA,"853.4","0.0","5030282"
"BROAD VALLEY","50.983","-97.467","MB","-9.2","0",NA,"2.8","0","-22.8","0","8.6","0",NA,"8.6","0",NA,"","4","","",NA,"841.7","0.0","5030510"
"FALCON LAKE TCPL 45","49.683","-95.367","MB","-9.2","0",NA,"2.8","0","-25.0","0","12.0","0",NA,"12.0","0",NA,"","3","","",NA,"843.8","0.0","5030912"
"FISHER BRANCH","51.100","-97.550","MB","",,NA,"",,"",,"11.4","0",NA,"11.4","0",NA,"","7","","",NA,"","","5030916"
"FRASERWOOD","50.633","-97.217","MB","-9.3","0",NA,"4.4","0","-22.8","0","4.1","0",NA,"4.1","0",NA,"","1","","",NA,"846.1","0.0","5030982"
"GIMLI","50.633","-97.017","MB","-9.0","0",NA,"2.8","0","-21.7","0","12.3","0",NA,"6.8","0",NA,"5.0","3","99.2","0",NA,"835.7","0.0","5031038"
"GRAND RAPIDS","53.183","-99.267","MB","-9.5","0",NA,"4.4","0","-24.4","0","19.1","0",NA,"17.3","0",NA,"23.0","7","70.6","0",NA,"852.0","0.0","5031110"
"GRAND RAPIDS HYDRO","53.150","-99.283","MB","-9.6","0","5.4","3.9","0","-23.3","0","8.5","0","38.0","8.5","0","38.0","","2","","",NA,"854.8","0.0","5031111"
"GREAT FALLS","50.467","-96.000","MB","-7.6","0",NA,"3.3","0","-20.6","0","5.1","0",NA,"5.1","0",NA,"","3","","",NA,"795.0","0.0","5031200"
"HNAUSA","50.933","-97.000","MB","",,NA,"",,"",,"8.6","0",NA,"8.6","0",NA,"","4","","",NA,"","","5031298"
"HODGSON 2","51.183","-97.450","MB","-10.1","0","5.1","2.8","0","-25.6","0","17.8","0","43.0","17.8","0","42.0","","4","","",NA,"871.0","0.0","5031301"
"INDIAN BAY","49.617","-95.200","MB","-9.3","0","4.1","2.8","0","-22.2","0","18.7","0","67.0","18.7","0","66.0","","7","59.7","0","80.0","846.2","0.0","5031320"
"PINAWA WNRE","50.181","-96.058","MB","-8.7","0","4.4","3.3","0","-22.2","0","8.7","0","36.0","8.7","0","34.0","10.0","3","","",NA,"827.7","0.0","5032162"
"PINE DOCK","51.633","-96.800","MB","-9.7","0","5.7","1.7","0","-23.9","0","19.1","0","49.0","19.1","0","47.0","","3","","",NA,"859.8","0.0","5032163"
"PINE FALLS","50.567","-96.217","MB","-8.9","0",NA,"1.1","0","-21.7","0","10.9","0",NA,"10.9","0",NA,"","4","","",NA,"834.6","0.0","5032164"
"ROSS","49.767","-96.433","MB","-8.4","0",NA,"3.3","0","-21.7","0","12.0","0",NA,"12.5","0",NA,"","4","","",NA,"818.0","0.0","5032495"
"SPRUCE TCPL 43","49.650","-96.167","MB","-8.7","0",NA,"3.3","0","-21.7","0","10.5","0",NA,"11.0","0",NA,"","3","","",NA,"827.3","0.0","5032764"
"OSTENFELD","49.817","-96.483","MB","",,"","",,"",,"17.4","0","64.0","17.4","0","61.0","","5","","",NA,"","","503B0NE"
"ASHERN","51.133","-98.367","MB","-9.1","0",NA,"3.3","0","-22.2","0","11.5","0",NA,"11.5","0",NA,"15.0","4","","",NA,"839.4","0.0","5040120"
"ASHVILLE","51.283","-100.283","MB","-8.0","0",NA,"8.9","0","-24.4","0","19.6","0",NA,"19.6","0",NA,"","4","","",NA,"806.0","0.0","5040121"
"BEAVER","50.050","-98.700","MB","",,NA,"",,"",,"15.3","0","54.0","15.3","0","50.0","","3","","",NA,"","","5040166"
"BIRCH RIVER","52.517","-100.917","MB","-8.6","0",NA,"8.9","0","-25.6","0","19.5","0",NA,"19.5","0",NA,"13.0","5","","",NA,"823.3","0.0","5040218"
"DAUPHIN A","51.100","-100.050","MB","-8.2","0","4.9","6.1","0","-24.4","0","17.0","0","80.0","15.1","0","81.0","8.0","5","72.8","0","77.0","811.6","0.0","5040680"
"DELTA MARSH CS","50.183","-98.383","MB","-8.9","0","4.1","6.7","0","-21.1","0","17.9","0","62.0","17.9","0","63.0","","3","99.6","0","114.0","834.7","0.0","5040764"
"DELTA WATERFOWL RS","50.183","-98.300","MB","-8.0","3",NA,"6.1","2","-22.2","3","14.1","0",NA,"14.1","0",NA,"","6","","",NA,"727.0","0.0","5040765"
"DURBAN CDA EPF","51.933","-101.400","MB","",,NA,"",,"",,"22.9","0",NA,"22.9","0",NA,"","5","","",NA,"","","5040840"
"ERIKSDALE","50.833","-98.233","MB","-10.1","0",NA,"3.9","0","-23.9","0","10.2","0",NA,"10.2","0",NA,"13.0","3","","",NA,"870.2","0.0","5040895"
"FAIRFORD","51.583","-98.667","MB","-8.7","0",NA,"3.9","0","-23.3","0","15.8","0",NA,"15.8","0",NA,"","6","","",NA,"828.0","0.0","5040910"
"GILBERT PLAINS","51.100","-100.467","MB","-9.0","0","4.9","5.0","0","-25.0","0","23.0","0","97.0","23.0","0","94.0","10.0","7","","",NA,"835.5","0.0","5040985"
"CAYER","51.250","-99.083","MB","-8.5","0",NA,"6.1","0","-24.4","0","12.7","0",NA,"15.2","0",NA,"","4","","",NA,"820.6","0.0","5040EN5"
"GLADSTONE","50.367","-98.967","MB","",,NA,"",,"",,"18.8","0",NA,"18.8","0",NA,"","5","","",NA,"","","5041050"
"GLADSTONE SOUTH","50.183","-99.017","MB","-7.9","0",NA,"8.9","0","-22.2","0","13.7","0",NA,"13.7","0",NA,"8.0","4","","",NA,"801.6","0.0","50410N0"
"GRASS RIVER","50.517","-98.967","MB","-7.9","0",NA,"7.2","0","-21.7","0","7.6","0",NA,"7.6","0",NA,"","3","","",NA,"802.8","0.0","5041140"
"GYPSUMVILLE","51.667","-98.733","MB","-9.0","0",NA,"3.3","0","-25.0","0","21.1","0",NA,"20.8","0",NA,"10.0","6","","",NA,"835.7","0.0","5041229"
"LAKELAND","50.267","-98.667","MB","",,NA,"",,"",,"11.2","0",NA,"11.2","0",NA,"","4","","",NA,"","","5041525"
"LANGRUTH","50.400","-98.550","MB","-8.1","0","5.5","7.2","0","-21.1","0","14.1","0","61.0","14.1","0","56.0","10.0","4","","",NA,"810.3","0.0","5041530"
"LUNDAR 4SW","50.650","-98.100","MB","-9.9","0",NA,"2.2","0","-23.3","0","",,NA,"",,NA,"","","","",NA,"863.8","0.0","5041588"
"MACDONALD","50.167","-98.500","MB","",,NA,"",,"",,"17.8","0","85.0","18.3","0","82.0","","3","","",NA,"","","5041670"
"MACGREGOR","49.900","-98.700","MB","-7.4","0",NA,"6.7","0","-21.7","0","12.7","0",NA,"12.7","0",NA,"0.0","1","","",NA,"788.7","0.0","5041684"
"MCCREARY","50.733","-99.417","MB","",,NA,"",,"",,"10.7","0",NA,"11.2","0",NA,"","3","","",NA,"","","5041707"
"MEADOW PORTAGE","51.717","-99.550","MB","-8.4","0",NA,"6.7","0","-23.3","0","15.5","0",NA,"18.0","0",NA,"","4","","",NA,"819.4","0.0","5041711"
"NEEPAWA WATER","50.217","-99.467","MB","-7.9","0","5.1","7.2","0","-20.0","0","14.2","0","59.0","14.2","0","58.0","","5","","",NA,"802.7","0.0","5042005"
"OCHRE RIVER","51.067","-99.783","MB","-8.3","0","4.5","6.1","0","-24.4","0","30.3","0","99.0","30.6","0","99.0","8.0","7","","",NA,"816.8","0.0","50420E5"
"PINE RIVER","51.767","-100.317","MB","-7.2","0",NA,"8.9","0","-22.2","0","21.5","0",NA,"21.5","0",NA,"5.0","7","","",NA,"781.2","0.0","5042168"
"PLUMAS","50.417","-99.033","MB","-8.1","0",NA,"8.3","0","-21.1","0","17.2","0",NA,"17.2","0",NA,"8.0","4","","",NA,"808.4","0.0","5042241"
"ST AMBROISE","50.233","-98.033","MB","-8.5","0",NA,"4.4","0","-20.6","0","12.8","0","55.0","12.8","0","51.0","","4","","",NA,"821.4","0.0","5042546"
"SWAN RIVER","52.050","-101.217","MB","-7.9","0","6.7","6.7","0","-22.2","0","22.3","0","94.0","22.3","0","91.0","","4","","",NA,"803.0","0.0","5042800"
"SWAN RIVER 2","51.983","-101.183","MB","",,NA,"",,"",,"20.3","0","99.0","20.3","0","100.0","","6","","",NA,"","","5042805"
"VOGAR","50.917","-98.750","MB","-8.4","0","4.9","4.4","0","-19.4","0","10.4","0","48.0","10.4","0","47.0","","6","","",NA,"819.7","0.0","5043020"
"WILSON CREEK WEIR CS","50.717","-99.533","MB","-7.0","0","5.2","9.4","0","-22.8","0","16.3","0","60.0","17.5","0","77.0","","4","","",NA,"775.2","0.0","5043158"
"FLIN FLON","54.767","-101.883","MB","-11.0","0","5.2","5.0","0","-26.1","0","16.9","0","74.0","22.0","0","98.0","","6","","",NA,"899.1","0.0","5050920"
"FLIN FLON A","54.683","-101.683","MB","-12.0","0","5.1","3.9","0","-27.2","0","13.1","0","53.0","13.2","0","60.0","","4","","",NA,"929.0","0.0","5050960"
"PASQUIA PROJECT","53.717","-101.533","MB","-10.4","0",NA,"5.0","0","-26.7","0","15.1","0",NA,"20.2","0",NA,"","7","57.6","0",NA,"879.3","0.0","5052060"
"THE PAS A","53.967","-101.100","MB","-10.8","0","5.6","3.9","0","-23.9","0","16.0","0","59.0","10.3","0","52.0","25.0","4","59.1","0","74.0","892.9","0.0","5052880"
"WANLESS","54.183","-101.367","MB","-11.6","0",NA,"3.9","0","-30.0","0","8.9","0",NA,"8.9","0",NA,"","2","","",NA,"918.9","0.0","5053080"
"BROCHET A","57.883","-101.683","MB","-17.1","0",NA,"0.0","0","-36.1","0","28.2","0",NA,"28.2","0",NA,"","7","","",NA,"1088.5","0.0","5060520"
"CHURCHILL A","58.737","-94.057","MB","-18.8","0","3.1","-5.0","0","-34.4","0","31.6","0","138.0","28.5","0","155.0","46.0","11","28.5","0","54.0","1140.3","0.0","5060600"
"CROSS LAKE JENPEG","54.533","-98.033","MB","-12.2","0","5.6","1.1","0","-26.1","0","23.1","0","101.0","25.4","0","109.0","","7","","",NA,"937.4","0.0","5060623"
"GILLAM A","56.358","-94.711","MB","-17.3","0","4.1","-1.7","0","-34.4","0","37.4","0","129.0","34.9","0","150.0","33.0","9","","",NA,"1094.7","0.0","5061001"
"ISLAND LAKE A","53.850","-94.650","MB","-13.2","0","5.1","0.0","0","-33.3","0","45.2","0","155.0","30.8","0","131.0","28.0","8","","",NA,"966.1","0.0","5061376"
"LONG SPRUCE GEN STN","56.383","-94.367","MB","-18.1","4",NA,"-1.7","4","-35.6","4","",,NA,"",,NA,"","","","",NA,"973.6","0.0","5061581"
"LYNN LAKE A","56.864","-101.076","MB","-16.4","0","5.0","0.0","0","-36.1","0","41.6","0","160.0","35.6","0","190.0","43.0","9","37.3","0","67.0","1065.7","0.0","5061646"
"MISSI FALLS","57.317","-98.100","MB","-16.9","12",NA,"-0.6","11","-31.1","7","26.8","0",NA,"26.8","0",NA,"","8","","",NA,"663.1","0.0","5061766"
"NOTIGI","55.900","-99.367","MB","-14.2","0",NA,"2.2","0","-30.6","0","15.2","0",NA,"15.2","0",NA,"","5","","",NA,"999.2","0.0","5062049"
"PICKEREL NARROWS","56.217","-100.583","MB","",,NA,"",,"",,"20.7","0",NA,"20.7","0",NA,"","6","","",NA,"","","5062075"
"RUTTAN LAKE","56.483","-99.650","MB","-15.2","0",NA,"0.6","0","-30.6","0","12.1","0",NA,"12.1","0",NA,"","5","","",NA,"1030.4","0.0","5062529"
"SOUTH BAY","56.667","-99.000","MB","-15.0","3",NA,"0.0","2","-29.4","2","29.8","0",NA,"29.8","0",NA,"","9","","",NA,"924.7","0.0","5062730"
"THOMPSON A","55.800","-97.867","MB","-14.3","0","6.6","1.1","0","-30.6","0","26.1","0","97.0","25.2","0","111.0","36.0","8","49.2","0","74.0","1001.6","0.0","5062922"
"NORWAY HOUSE A","53.950","-97.850","MB","-12.1","0","6.1","1.1","0","-30.0","0","37.5","0","112.0","37.5","0","139.0","30.0","11","","",NA,"932.9","0.0","506B047"
"NORWAY HOUSE FORESTRY","54.000","-97.800","MB","-11.6","0",NA,"0.6","0","-25.6","0","21.6","0",NA,"21.6","0",NA,"","8","","",NA,"916.2","0.0","506B0M7"
"BIG TROUT LAKE","53.833","-89.867","ON","-14.6","0",NA,"-2.2","0","-28.3","0","36.1","0",NA,"27.7","0",NA,"33.0","8","","",NA,"1011.9","0.0","6010738"
"CENTRAL PATRICIA","51.500","-90.150","ON","-12.9","0",NA,"0.6","0","-34.4","0","31.6","0",NA,"31.6","0",NA,"","10","","",NA,"959.3","0.0","6011305"
"EAR FALLS","50.633","-93.217","ON","-9.2","0",NA,"1.1","0","-25.6","0","20.5","0",NA,"20.5","0",NA,"","5","","",NA,"842.5","0.0","6012198"
"LANSDOWNE HOUSE","52.233","-87.883","ON","-12.8","0",NA,"0.6","0","-29.4","0","45.6","0",NA,"31.1","0",NA,"46.0","12","","",NA,"954.8","0.0","6014350"
"PICKLE LAKE (AUT)","51.449","-90.218","ON","-12.0","0",NA,"1.7","0","-30.6","0","19.1","0",NA,"15.6","0",NA,"38.0","5","","",NA,"931.0","0.0","6016525"
"RED LAKE A","51.067","-93.793","ON","-9.8","0","5.5","0.6","0","-25.6","0","14.0","0","36.0","11.7","0","39.0","18.0","4","","",NA,"862.1","0.0","6016975"
"WINISK","55.267","-85.217","ON","-15.4","0",NA,"-6.7","0","-32.8","0","",,NA,"",,NA,"","","","",NA,"1035.5","0.0","6019548"
"ATIKOKAN","48.750","-91.617","ON","-8.9","0",NA,"2.8","0","-25.6","0","42.8","0",NA,"24.9","0",NA,"28.0","5","56.6","0",NA,"832.8","0.0","6020379"
"FORT FRANCES","48.617","-93.417","ON","-7.4","0",NA,"2.8","0","-22.2","0","33.8","0",NA,"33.8","0",NA,"25.0","8","","",NA,"786.6","0.0","6022475"
"MINE CENTRE","48.767","-92.617","ON","-8.5","0","3.3","1.7","0","-25.0","0","30.1","0","91.0","30.1","0","88.0","","6","","",NA,"820.5","0.0","6025203"
"SLEEMAN","48.717","-94.417","ON","-8.3","0",NA,"3.3","0","-24.4","0","33.2","0",NA,"33.2","0",NA,"","9","","",NA,"813.8","0.0","6027825"
"STRATTON","48.783","-94.050","ON","-7.9","0",NA,"2.2","0","-23.9","0","36.1","0",NA,"36.1","0",NA,"","7","","",NA,"803.5","0.0","6028125"
"DRYDEN","49.783","-92.833","ON","-9.2","0","5.0","1.7","0","-25.0","0","19.8","0","70.0","19.8","0","70.0","","9","","",NA,"842.0","0.0","6032117"
"DRYDEN A","49.833","-92.750","ON","-8.9","0","4.6","2.2","0","-26.7","0","18.9","0","61.0","16.9","0","58.0","","5","","",NA,"835.1","0.0","6032119"
"IGNACE TCPL 58","49.483","-92.000","ON","-9.5","0",NA,"1.7","0","-26.1","0","17.7","0",NA,"17.7","0",NA,"","4","","",NA,"853.7","0.0","6033697"
"KENORA A","49.790","-94.365","ON","-8.9","0","4.3","1.7","0","-23.3","0","16.3","0","53.0","15.6","0","55.0","18.0","6","","",NA,"832.8","0.0","6034075"
"KENORA TCPL 49","49.783","-94.483","ON","-9.6","0",NA,"1.7","0","-22.8","0","19.5","0",NA,"19.5","0",NA,"","5","","",NA,"854.5","0.0","6034077"
"MARTIN TCPL 60","49.283","-91.233","ON","-9.8","0",NA,"1.7","0","-26.7","0","24.0","0",NA,"24.0","0",NA,"","5","","",NA,"861.2","0.0","6035002"
"RAWSON LAKE","49.650","-93.717","ON","-9.1","0","3.5","0.6","0","-23.9","0","21.6","0","64.0","21.6","0","73.0","","3","43.3",".33333333333333333333333333333333333333",NA,"841.0","0.0","6036904"
"SIOUX LOOKOUT A","50.117","-91.900","ON","-9.7","0","4.3","2.2","0","-30.0","0","17.6","0","47.0","16.3","0","44.0","28.0","6","","",NA,"857.4","0.0","6037775"
"VERMILION BAY TCPL 52","49.833","-93.633","ON","-10.3","2",NA,"2.8","2","-26.1","0","15.8","0",NA,"15.8","0",NA,"","4","","",NA,"820.9","0.0","6039136"
"WATCOMB","49.900","-91.283","ON","-10.3","4",NA,"2.2","3","-27.8","3","18.5","0",NA,"18.5","0",NA,"","7","","",NA,"765.3","0.0","6039351"
"ABITIBI CAMP 228","48.933","-89.250","ON","-9.1","0",NA,"1.7","0","-26.1","0","30.5","0",NA,"30.5","0",NA,"","5","","",NA,"841.4","0.0","6040018"
"ABITIBI CAMP 230","49.350","-89.367","ON","-10.1","0",NA,"2.2","0","-32.2","0","43.2","0",NA,"43.2","0",NA,"","9","","",NA,"870.9","0.0","6040020"
"ARMSTRONG (AUT)","50.294","-88.905","ON","-12.2","0",NA,"2.2","0","-34.4","0","22.0","0",NA,"20.6","0",NA,"38.0","6","65.0","0",NA,"936.2","0.0","6040325"
"BEARDMORE","49.617","-87.950","ON","-10.7","0",NA,"1.7","0","-35.6","0","17.1","0",NA,"17.1","0",NA,"","5","","",NA,"890.4","0.0","6040572"
"CAMERON FALLS","49.150","-88.350","ON","-7.8","0","4.1","3.9","0","-25.6","0","39.3","0","68.0","39.3","0","62.0","","6","","",NA,"799.8","0.0","6041109"
"CARAMAT","49.267","-85.833","ON","-9.7","2",NA,"2.2","1","-31.1","2","49.2","0",NA,"49.7","0",NA,"","7","","",NA,"803.4","0.0","6041193"
"CARIBOU ISLAND","47.333","-85.833","ON","","",NA,"","","","","","",NA,"","",NA,"","","0.0","30.9583333333333333333333333333333333333",NA,"","","6041221"
"DORION TCPL 70","48.817","-88.517","ON","-8.0","1",NA,"2.8","1","-27.2","0","36.2","0",NA,"36.2","0",NA,"","7","","",NA,"779.0","0.0","6042067"
"GERALDTON","49.700","-86.950","ON","-11.6","0",NA,"1.7","0","-32.8","0","27.6","0",NA,"20.4","0",NA,"33.0","5","","",NA,"917.9","0.0","6042715"
"KAKABEKA FALLS","48.400","-89.617","ON","-7.2","0",NA,"3.3","0","-24.4","0","39.1","0",NA,"39.1","0",NA,"","6","","",NA,"780.5","0.0","6043930"
"MANITOUWADGE","49.150","-85.800","ON","-9.0","1",NA,"1.7","1","-26.1","1","41.9","0",NA,"41.9","0",NA,"","8","","",NA,"811.4","0.0","6044903"
"MARATHON","48.717","-86.400","ON","-5.8","3",NA,"3.9","2","-21.1","2","19.7","0",NA,"23.0","0",NA,"","5","","",NA,"667.7","0.0","6044959"
"NOLALU","48.150","-89.883","ON","-7.7","0",NA,"2.2","0","-28.9","0","86.5","0",NA,"86.5","0",NA,"","11","","",NA,"795.8","0.0","6045675"
"RAITH TCPL 64","48.733","-89.867","ON","-9.3","0",NA,"2.2","0","-31.1","0","47.5","0",NA,"47.5","0",NA,"","6","","",NA,"844.8","0.0","6046856"
"SCHREIBER","48.817","-87.267","ON","-7.1","0",NA,"3.3","0","-22.8","0","60.7","0",NA,"62.7","0",NA,"","10","","",NA,"776.9","0.0","6047627"
"SLATE ISLAND","48.621","-86.996","ON","-4.3","22",NA,"4.4","22","-17.2","22","1.3","22",NA,"2.1","22",NA,"","1","","",NA,"200.3","0.0","6047810"
"STURGEON LAKE","49.883","-90.967","ON","-9.2","0",NA,"2.2","0","-25.6","0","27.5","0",NA,"27.5","0",NA,"","6","","",NA,"843.9","0.0","6048145"
"TERRACE BAY","48.800","-87.100","ON","-7.0","0",NA,"2.8","0","-22.8","0","50.4","0",NA,"50.4","0",NA,"","3","","",NA,"774.2","0.0","6048230"
"THUNDER BAY A","48.369","-89.327","ON","-7.2","0",NA,"3.3","0","-22.2","0","32.9","0",NA,"33.8","0",NA,"25.0","8","69.1","0",NA,"780.7","0.0","6048261"
"UPSALA TCPL 62","49.033","-90.517","ON","-9.3","0",NA,"1.1","0","-27.2","0","27.0","0",NA,"27.0","0",NA,"","4","","",NA,"847.3","0.0","6049098"
"WELCOME ISLAND (AUT)","48.369","-89.121","ON","-4.7","26",NA,"0.0","26","-10.6","26","0.0","26",NA,"0.0","26",NA,"","0","","",NA,"113.5","0.0","6049443"
"PIGEON RIVER","48.083","-89.633","ON","-6.1","0",NA,"3.3","0","-26.1","0","98.1","0",NA,"98.1","0",NA,"","9","","",NA,"748.6","0.0","604FNL6"
"THUNDER BAY WPCP","48.400","-89.233","ON","-5.8","0",NA,"3.3","0","-19.4","0","36.8","0",NA,"36.8","0",NA,"","6","","",NA,"738.6","0.0","604HBFA"
"ELLIOT LAKE DENISON","46.500","-82.617","ON","-4.1","0",NA,"4.4","0","-17.2","0","52.8","0",NA,"52.8","0",NA,"","11","","",NA,"684.0","0.0","6052260"
"HORNEPAYNE","49.233","-84.800","ON","-9.5","0",NA,"3.3","0","-30.6","0","56.8","0",NA,"57.9","0",NA,"","10","","",NA,"851.4","0.0","6053570"
"IRON BRIDGE","46.283","-83.233","ON","-3.7","0",NA,"3.9","0","-21.1","0","34.3","0",NA,"34.3","0",NA,"","8","","",NA,"673.1","0.0","6053804"
"MISSISSAGI ONT HYDRO","46.433","-83.383","ON","",,NA,"",,"",,"38.7","0",NA,"38.7","0",NA,"","9","","",NA,"","","6055210"
"SAULT STE MARIE 2","46.533","-84.333","ON","-3.1","0","2.8","3.3","0","-16.7","0","42.5","0","43.0","43.3","0","37.0","","11","","",NA,"652.8","0.0","6057590"
"SAULT STE MARIE A","46.483","-84.509","ON","-3.1","0","2.6","3.3","0","-15.0","0","53.1","0","62.0","51.3","0","66.0","18.0","11","70.9","0","127.0","653.8","0.0","6057592"
"SEARCHMONT","46.750","-84.083","ON","-5.2","0",NA,"2.2","0","-30.6","0","49.5","0",NA,"49.5","0",NA,"","8","","",NA,"717.8","0.0","6057678"
"WAWA","48.000","-84.800","ON","-6.1","0",NA,"3.9","0","-26.1","0","41.3","0",NA,"41.3","0",NA,"","8","","",NA,"748.6","0.0","6059409"
"WHITE RIVER","48.600","-85.283","ON","-9.5","0",NA,"3.9","0","-25.6","0","36.4","0",NA,"22.8","0",NA,"20.0","8","67.9","0",NA,"853.0","0.0","6059475"
"CHAPLEAU","47.833","-83.433","ON","-7.7","0",NA,"3.3","0","-23.3","0","33.1","0",NA,"32.1","0",NA,"20.0","12","","",NA,"795.2","0.0","6061358"
"CONISTON","46.467","-80.817","ON","-4.8","0",NA,"2.8","0","-21.7","0","65.2","0",NA,"67.4","0",NA,"","12","","",NA,"705.3","0.0","6061847"
"CONISTON STP","46.483","-80.850","ON","",,NA,"",,"",,"41.3","0","81.0","41.3","0","63.0","","9","","",NA,"","","6061850"
"MANVILLE REEVES","48.217","-82.083","ON","",,NA,"",,"",,"56.4","0",NA,"56.4","0",NA,"","15","","",NA,"","","6064942"
"MONETVILLE","46.150","-80.300","ON","-4.3","0","3.0","5.6","0","-21.7","0","47.2","0","81.0","48.5","0","58.0","","13","","",NA,"690.8","0.0","6065250"
"RAMSAY","47.450","-82.333","ON","-8.0","0",NA,"1.1","0","-25.0","0","55.2","0",NA,"55.2","0",NA,"","15","","",NA,"806.9","0.0","6066873"
"SUDBURY","46.483","-80.983","ON","-5.0","0",NA,"4.4","0","-22.2","0","86.1","0",NA,"86.1","0",NA,"","13","","",NA,"713.7","0.0","6068148"
"SUDBURY A","46.617","-80.800","ON","-5.6","0","3.0","2.8","0","-17.2","0","77.3","0","123.0","67.7","0","100.0","25.0","13","61.4","0","97.0","731.1","0.0","6068150"
"TURBINE","46.383","-81.567","ON","-4.7","0",NA,"4.4","0","-20.6","0","44.2","0",NA,"44.2","0",NA,"","12","44.1","0",NA,"702.2","0.0","6068980"
"COCHRANE","49.067","-81.033","ON","-11.0","0",NA,"1.7","0","-35.6","0","64.7","0",NA,"64.7","0",NA,"","14","","",NA,"899.6","0.0","6071712"
"CONNAUGHT","48.617","-80.917","ON","",,NA,"",,"",,"61.8","0",NA,"61.8","0",NA,"","11","","",NA,"","","6071855"
"DYMOND ONT HYDRO","47.517","-79.683","ON","",,NA,"",,"",,"50.7","0",NA,"50.7","0",NA,"","12","","",NA,"","","6072183"
"EARLTON A","47.700","-79.850","ON","-8.9","0","2.0","2.2","0","-26.1","0","55.7","0","124.0","50.7","0","100.0","30.0","10","","",NA,"833.3","0.0","6072225"
"ENGLEHART","47.817","-79.900","ON","",,NA,"",,"",,"74.0","0",NA,"74.0","0",NA,"","11","","",NA,"","","6072325"
"FORT ALBANY","52.217","-81.667","ON","-13.3","0",NA,"1.7","0","-32.2","0","",,NA,"",,NA,"","","","",NA,"969.4","0.0","6072460"
"HAILEYBURY","47.450","-79.633","ON","-6.4","0",NA,"4.4","0","-25.6","0","63.3","0",NA,"63.3","0",NA,"","9","","",NA,"755.6","0.0","6073138"
"IROQUOIS FALLS","48.750","-80.667","ON","-10.5","2",NA,"1.7","1","-25.6","1","52.0","0",NA,"52.0","0",NA,"","12","","",NA,"825.2","0.0","6073810"
"ISLAND FALLS","49.583","-81.383","ON","-10.6","0","3.4","2.2","0","-30.6","0","35.5","0","55.0","35.5","0","51.0","18.0","11","","",NA,"887.8","0.0","6073840"
"KAPUSKASING CDA","49.400","-82.433","ON","-10.4","0","2.8","2.2","0","-28.3","0","32.7","0","61.0","29.0","0","53.0","15.0","8","60.7","0","110.0","879.9","0.0","6073960"
"KAPUSKASING A","49.414","-82.468","ON","-11.0","0","2.1","2.2","0","-28.3","0","41.9","0","70.0","36.9","0","65.0","15.0","12","","",NA,"897.5","0.0","6073975"
"KIDD CREEK MINE","48.683","-81.367","ON","-10.3","0",NA,"3.3","0","-30.0","0","",,NA,"",,NA,"","","","",NA,"878.4","0.0","6074100"
"KIRKLAND LAKE","48.150","-80.000","ON","-9.8","0",NA,"1.7","0","-25.6","0","60.8","0",NA,"60.8","0",NA,"","14","","",NA,"861.1","0.0","6074209"
"MATTICE TCPL","49.600","-83.167","ON","-10.8","0",NA,"2.2","0","-30.0","0","53.2","0",NA,"53.2","0",NA,"","12","","",NA,"893.9","0.0","6075024"
"MOOSONEE UA","51.267","-80.650","ON","-12.3","0","2.2","2.2","0","-31.1","0","29.9","0","66.0","25.2","0","61.0","30.0","10","70.8","0","128.0","938.6","0.0","6075425"
"NEW LISKEARD","47.500","-79.667","ON","-8.9","0",NA,"2.8","0","-29.4","0","51.5","0",NA,"51.5","0",NA,"","11","59.4","0",NA,"833.5","0.0","6075594"
"PINARD","49.850","-81.600","ON","-11.5","0",NA,"1.7","0","-30.6","0","44.8","0",NA,"44.8","0",NA,"","12","","",NA,"913.0","0.0","6076540"
"PORCUPINE ONT HYDRO","48.467","-81.267","ON","-9.7","0","2.4","1.7","0","-27.2","0","65.8","0","94.0","65.8","0","90.0","","14","","",NA,"858.2","0.0","6076572"
"SMOKY FALLS","50.067","-82.167","ON","-10.3","0","3.6","2.2","0","-26.1","0","51.3","0","79.0","51.3","0","71.0","","12","","",NA,"876.4","0.0","6077845"
"TIMMINS A","48.567","-81.383","ON","-9.7","0","2.2","1.7","0","-27.2","0","56.1","0","86.0","42.8","0","66.0","15.0","9","","",NA,"860.1","0.0","6078285"
"CRYSTAL FALLS","46.450","-79.867","ON","-4.8","0",NA,"2.8","0","-21.1","0","52.9","0",NA,"52.9","0",NA,"","12","","",NA,"705.7","0.0","6081928"
"DWIGHT","45.383","-78.900","ON","-4.8","0","2.5","4.4","0","-24.4","0","27.8","0","32.0","39.2","0","34.0","","10","","",NA,"706.2","0.0","6082178"
"FRENCH R CHAUDIERE DAM","46.133","-80.017","ON","-3.7","0",NA,"5.0","0","-20.0","0","38.4","0",NA,"42.0","0",NA,"","9","","",NA,"671.3","0.0","6082612"
"LA CAVE","46.367","-78.733","ON","-4.4","1",NA,"3.9","0","-21.7","1","31.3","0",NA,"31.3","0",NA,"","9","","",NA,"670.7","0.0","6084278"
"LAKE TRAVERSE","45.950","-78.067","ON","-4.8","0",NA,"3.3","0","-26.7","0","38.3","0",NA,"45.4","0",NA,"","12","","",NA,"707.5","0.0","6084307"
"MADAWASKA","45.500","-77.983","ON","-4.6","0","2.9","5.6","0","-26.7","0","32.8","0","77.0","43.0","0","74.0","","9","","",NA,"700.9","0.0","6084770"
"NORTH BAY","46.317","-79.467","ON","-4.1","0",NA,"3.3","0","-26.7","0","53.8","0",NA,"55.8","0",NA,"","11","","",NA,"684.7","0.0","6085682"
"NORTH BAY A","46.364","-79.423","ON","-5.6","0","2.6","1.7","0","-18.3","0","40.0","0","57.0","40.6","0","52.0","30.0","11","50.8","0","74.0","731.9","0.0","6085700"
"GORE BAY","45.917","-82.467","ON","-2.5","0",NA,"4.4","0","-18.3","0","65.3","0",NA,"88.1","0",NA,"","13","","",NA,"636.3","0.0","6092915"
"GORE BAY A","45.883","-82.567","ON","-2.2","0",NA,"4.4","0","-13.9","0","64.3","0",NA,"64.6","0",NA,"10.0","11","","",NA,"625.5","0.0","6092925"
"GREAT DUCK ISLAND","45.650","-82.967","ON","-1.2","22",NA,"5.0","22","-11.1","22","12.7","22",NA,"28.0","22",NA,"","3","","",NA,"172.7","0.0","6093004"
"SOUTH BAYMOUTH","45.583","-82.017","ON","-1.3","0",NA,"6.1","0","-13.9","0","44.7","0",NA,"59.2","0",NA,"","13","58.5","0",NA,"597.6","0.0","6097915"
"ALMONTE","45.183","-76.233","ON","-4.8","9",NA,"7.8","4","-23.3","9","59.6","0",NA,"79.2","0",NA,"","7","","",NA,"501.1","0.0","6100226"
"ARNPRIOR GRANDON","45.417","-76.367","ON","-4.2","0","2.5","7.2","0","-24.4","0","66.0","0","221.0","82.8","0","181.0","","10","","",NA,"689.4","0.0","6100345"
"ATHENS","44.650","-75.917","ON","",,NA,"",,"",,"47.0","0",NA,"91.5","0",NA,"","10","","",NA,"","","6100375"
"BELLROCK","44.483","-76.767","ON","-2.4","0",NA,"8.3","0","-27.2","0","63.4","0",NA,"100.0","0",NA,"","12","","",NA,"633.8","0.0","6100720"
"BROCKVILLE","44.600","-75.700","ON","-2.2","0",NA,"10.6","0","-21.1","0","42.4","0",NA,"99.8","0",NA,"","11","","",NA,"624.8","0.0","6100969"
"BROCKVILLE PCC","44.600","-75.667","ON","-1.9","1","1.5","10.0","1","-13.9","0","46.6","0","120.0","90.0","0","113.0","","10","","",NA,"597.3","0.0","6100971"
"CARLETON PLACE","45.150","-76.167","ON","",,NA,"",,"",,"62.2","0",NA,"97.1","0",NA,"","9","","",NA,"","","6101249"
"CARP","45.300","-75.983","ON","-5.2","5",NA,"5.6","5","-21.7","5","65.9","0",NA,"85.5","0",NA,"","8","","",NA,"603.0","0.0","6101260"
"CATARAQUI TS","44.367","-76.617","ON","-3.0","0",NA,"8.9","0","-22.2","0","72.4","0",NA,"109.2","0",NA,"","11","","",NA,"652.2","0.0","6101265"
"CHALK RIVER AECL","46.050","-77.367","ON","-4.0","0","3.0","5.6","0","-21.7","0","35.6","0","89.0","51.1","0","89.0","","9","","",NA,"680.6","0.0","6101335"
"CHATS FALLS","45.467","-76.233","ON","-4.1","0",NA,"5.6","0","-20.0","0","82.8","0",NA,"102.8","0",NA,"","14","","",NA,"684.8","0.0","6101440"
"CHENAUX","45.583","-76.683","ON","-3.7","0",NA,"4.4","0","-20.0","0","58.5","0",NA,"66.9","0",NA,"","14","","",NA,"673.9","0.0","6101494"
"CHESTERVILLE","45.100","-75.233","ON","-3.2","0",NA,"8.3","0","-24.4","0","68.4","0",NA,"83.4","0",NA,"","9","","",NA,"657.9","0.0","6101500"
"CLAYBANK","45.417","-76.400","ON","",,NA,"",,"",,"71.2","0",NA,"79.8","0",NA,"","10","","",NA,"","","6101555"
"COMBERMERE","45.367","-77.617","ON","-4.4","0","2.4","6.1","0","-26.7","0","45.7","0","100.0","62.5","0","95.0","","14","","",NA,"694.3","0.0","6101820"
"CORNWALL","45.017","-74.750","ON","-2.9","0","1.1","12.2","0","-16.7","0","64.5","0","174.0","89.2","0","118.0","","13","","",NA,"647.0","0.0","6101874"
"CORNWALL ONT HYDRO","45.033","-74.800","ON","-2.5","0",NA,"10.6","0","-18.3","0","54.5","0",NA,"88.8","0",NA,"","10","31.7","3.75",NA,"634.7","0.0","6101901"
"CROW LAKE","44.733","-76.600","ON","",,NA,"",,"",,"68.5","0",NA,"97.9","0",NA,"","12","","",NA,"","","6101920"
"CUMBERLAND","45.500","-75.450","ON","",,NA,"",,"",,"52.0","0",NA,"70.6","0",NA,"","12","","",NA,"","","6101935"
"DALHOUSIE L HIGH FALLS","44.967","-76.617","ON","",,NA,"",,"",,"71.9","0",NA,"97.3","0",NA,"","9","","",NA,"","","6101955"
"DALKEITH","45.433","-74.617","ON","",,NA,"",,"",,"78.1","0",NA,"119.9","0",NA,"","14","","",NA,"","","6101960"
"DELTA","44.617","-76.133","ON","",,NA,"",,"",,"61.2","0",NA,"114.5","0",NA,"","9","","",NA,"","","6101986"
"DES JOACHIMS","46.183","-77.700","ON","-4.9","0",NA,"4.4","0","-25.6","0","47.9","0",NA,"59.0","0",NA,"","11","","",NA,"711.4","0.0","6102009"
"GLENBURNIE","44.333","-76.500","ON","-2.7","0","1.4","9.4","0","-23.3","0","71.9","0","238.0","122.2","0","152.0","","13","","",NA,"642.5","0.0","6102808"
"GLEN GORDON","45.167","-74.533","ON","-3.4","0","3.0","8.9","0","-22.8","0","68.2","0","163.0","107.3","0","143.0","","14","","",NA,"663.8","0.0","6102832"
"HARTINGTON IHD","44.433","-76.700","ON","-2.6","0","1.5","9.4","0","-18.3","0","73.9","0","223.0","110.1","0","141.0","","11","","",NA,"638.0","0.0","6103367"
"KEMPTVILLE","45.000","-75.633","ON","-3.4","0","2.4","8.9","0","-20.0","0","56.2","0","125.0","82.6","0","109.0","","13","47.5","0","71.0","663.0","0.0","6104025"
"KINGSTON A","44.219","-76.597","ON","-1.7","0",NA,"10.0","0","-20.0","0","86.7","0",NA,"128.3","0",NA,"18.0","13","45.6","0",NA,"611.5","0.0","6104146"
"KINGSTON N & C GAS","44.233","-76.567","ON","-1.7","0",NA,"10.0","0","-20.0","0","86.7","0",NA,"129.1","0",NA,"","13","","",NA,"611.5","0.0","6104160"
"KINGSTON PUMPING STATION","44.233","-76.483","ON","",,"","",,"",,"71.6","0","218.0","117.5","0","143.0","","13","","",NA,"","","6104175"
"MALLORYTOWN GRAHAM LAKE","44.567","-75.883","ON","",,NA,"",,"",,"48.6","0",NA,"94.2","0",NA,"","9","","",NA,"","","6104880"
"MERIVALE CDA","45.300","-75.733","ON","-4.3","0",NA,"6.7","0","-25.0","0","62.8","0",NA,"96.3","0",NA,"","11","","",NA,"692.1","0.0","6105061"
"METCALFE OSGOODE","45.233","-75.467","ON","-3.8","1",NA,"8.3","1","-23.3","1","63.6","0",NA,"90.7","0",NA,"","8","","",NA,"653.6","0.0","6105066"
"MORRISBURG","44.917","-75.183","ON","-3.9","0","1.0","10.0","0","-26.1","0","47.5","0","128.0","82.3","0","104.0","","10","","",NA,"678.7","0.0","6105460"
"NORTH AUGUSTA MAHONEY","44.733","-75.733","ON","-3.1","0",NA,"9.4","0","-18.9","0","72.8","0",NA,"113.6","0",NA,"","14","","",NA,"652.6","0.0","6105679"
"OTTAWA BRITANNIA","45.367","-75.800","ON","",,NA,"",,"",,"78.9","0",NA,"87.0","0",NA,"","8","","",NA,"","","6105960"
"OTTAWA CDA","45.383","-75.717","ON","-3.6","0","2.0","7.2","0","-20.0","0","74.3","0","180.0","88.9","0","128.0","25.0","12","51.5","0","62.0","668.5","0.0","6105976"
"OTTAWA CITY HALL","45.433","-75.700","ON","",,NA,"",,"",,"72.3","0",NA,"101.5","0",NA,"","13","","",NA,"","","6105980"
"OTTAWA MACDONALD-CARTIER INT'L  A","45.317","-75.667","ON","-3.6","0","2.6","7.2","0","-18.3","0","69.8","0","133.0","92.2","0","121.0","25.0","10","","",NA,"669.8","0.0","6106000"
"OTTAWA LEMIEUX ISLAND","45.417","-75.733","ON","",,NA,"",,"",,"83.2","0",NA,"106.7","0",NA,"","13","","",NA,"","","6106052"
"OTTAWA NRC","45.450","-75.617","ON","-3.5","0",NA,"6.1","0","-18.3","0","68.5","0",NA,"101.1","0",NA,"","16","","",NA,"667.0","0.0","6106090"
"OTTAWA RIDEAU WARD","45.400","-75.633","ON","",,NA,"",,"",,"80.4","0",NA,"105.8","0",NA,"","13","","",NA,"","","6106098"
"PETAWAWA A","45.950","-77.317","ON","-4.9","0",NA,"5.0","0","-26.7","0","53.4","0",NA,"55.8","0",NA,"15.0","14","","",NA,"711.4","0.0","6106398"
"PETAWAWA NAT FORESTRY","45.983","-77.433","ON","-4.8","0",NA,"4.4","0","-23.9","0","35.7","0",NA,"45.9","0",NA,"23.0","8","40.5",".83333333333333333333333333333333333333",NA,"707.0","0.0","6106400"
"PURDY","45.317","-77.717","ON","",,NA,"",,"",,"47.0","0",NA,"55.7","0",NA,"","14","","",NA,"","","6106779"
"RAMSAYVILLE CRF","45.417","-75.550","ON","-3.7","0",NA,"7.2","0","-20.0","0","79.4","0",NA,"106.1","0",NA,"","13","","",NA,"673.3","0.0","6106874"
"RENFREW","45.483","-76.700","ON","-4.6","0","3.2","5.6","0","-28.9","0","52.1","0","131.0","67.9","0","128.0","","12","","",NA,"700.5","0.0","6107002"
"ST ELMO","45.317","-74.850","ON","",,NA,"",,"",,"86.8","0",NA,"105.7","0",NA,"","16","","",NA,"","","6107310"
"SMITHS FALLS WPCP","44.900","-76.000","ON","-3.2","0",NA,"8.3","0","-23.3","0","72.4","0",NA,"106.9","0",NA,"","14","","",NA,"655.7","0.0","6107835"
"SOUTH MOUNTAIN","44.967","-75.483","ON","-3.2","0","2.8","8.3","0","-23.3","0","66.5","0","151.0","93.4","0","120.0","","17","","",NA,"656.5","0.0","6107955"
"ALLISTON","44.150","-79.850","ON","-1.6","0",NA,"6.1","0","-12.2","0","10.0","0",NA,"27.5","0",NA,"","6","","",NA,"606.2","0.0","6110216"
"ALLISTON NELSON","44.150","-79.867","ON","",,"","",,"",,"23.9","0","66.0","33.1","0","54.0","","9","","",NA,"","","6110218"
"BEATRICE","45.133","-79.383","ON","-3.9","0",NA,"5.0","0","-23.3","0","42.4","0",NA,"57.6","0",NA,"","15","","",NA,"678.7","0.0","6110605"
"BEETON GRAHAM","44.083","-79.783","ON","",,NA,"",,"",,"22.4","0",NA,"45.0","0",NA,"","12","","",NA,"","","6110663"
"BRADFORD BROWN","44.150","-79.567","ON","-1.9","0",NA,"6.1","0","-15.0","0","38.3","0",NA,"45.9","0",NA,"","14","","",NA,"617.0","0.0","6110859"
"BURKS FALLS","45.600","-79.567","ON","-5.1","0",NA,"3.9","0","-27.2","0","41.0","0",NA,"51.2","0",NA,"","15","","",NA,"714.7","0.0","6111045"
"CHATSWORTH","44.395","-80.905","ON","-1.9","0","1.5","4.4","0","-14.4","0","44.7","0","52.0","59.2","0","47.0","","12","","",NA,"617.8","0.0","6111467"
"COLDWATER WARMINSTER","44.633","-79.533","ON","-1.8","0",NA,"7.2","0","-12.2","0","32.3","0",NA,"42.4","0",NA,"","12","","",NA,"613.9","0.0","6111769"
"COOKSTOWN","44.200","-79.683","ON","-2.0","0","2.1","5.0","0","-14.4","0","28.5","0","80.0","36.6","0","61.0","","14","","",NA,"618.8","0.0","6111859"
"DALRYMPLE LAKE","44.600","-79.133","ON","-2.1","0",NA,"5.6","0","-17.2","0","19.7","0",NA,"31.4","0",NA,"","9","","",NA,"623.2","0.0","6111965"
"DUNCHURCH","45.617","-79.883","ON","-3.9","0","2.7","3.3","0","-25.0","0","47.1","0","57.0","56.8","0","50.0","","14","","",NA,"680.2","0.0","6112133"
"DURHAM","44.183","-80.817","ON","-2.5","3","1.3","3.3","3","-13.9","2","21.6","0","31.0","33.3","0","33.0","","6","","",NA,"573.6","0.0","6112171"
"ESSA ONT HYDRO","44.350","-79.817","ON","-1.7","0","2.1","5.0","0","-14.4","0","31.7","0","59.0","42.9","0","57.0","","10","","",NA,"610.8","0.0","6112340"
"HANOVER","44.117","-81.000","ON","-2.0","1","1.3","4.4","1","-11.1","0","29.2","0","43.0","44.2","0","41.0","","9","","",NA,"600.7","0.0","6113329"
"HONEY HBR BEAUSOLEIL","44.850","-79.867","ON","-1.3","0",NA,"5.0","0","-12.8","0","28.7","0",NA,"32.8","0",NA,"","7","","",NA,"598.5","0.0","6113490"
"HUNTSVILLE WPCP","45.350","-79.167","ON","-3.3","0","2.4","4.4","0","-19.4","0","29.1","0","40.0","43.8","0","47.0","15.0","13","","",NA,"660.4","0.0","6113663"
"KESWICK","44.217","-79.433","ON","-1.8","0",NA,"6.1","0","-15.6","0","31.0","0",NA,"48.5","0",NA,"","13","","",NA,"615.0","0.0","6114089"
"MEAFORD WILLOWMERE","44.617","-80.633","ON","-1.7","0",NA,"5.0","0","-13.3","0","69.0","0",NA,"73.6","0",NA,"","13","","",NA,"611.5","0.0","6115059"
"MIDHURST","44.450","-79.767","ON","-1.6","0",NA,"6.1","0","-13.3","0","45.3","0",NA,"52.7","0",NA,"","10","","",NA,"606.7","0.0","6115099"
"MIDLAND WATER POLLUTION CONTROL PLANT","44.758","-79.875","ON","-1.1","0","2.0","5.6","0","-12.8","0","36.0","0","47.0","50.3","0","48.0","","11","","",NA,"591.9","0.0","6115127"
"MILFORD BAY","45.100","-79.483","ON","-3.5","0",NA,"5.0","0","-23.3","0","34.7","0",NA,"55.7","0",NA,"","15","","",NA,"667.5","0.0","6115150"
"MUSKOKA A","44.967","-79.300","ON","-3.8","0","2.1","5.0","0","-22.8","0","39.9","0","44.0","48.7","0","49.0","18.0","15","","",NA,"675.5","0.0","6115525"
"ORO WAM","44.517","-79.450","ON","-1.2","0",NA,"6.7","0","-11.1","0","30.9","0",NA,"45.5","0",NA,"","11","","",NA,"594.2","0.0","6115856"
"OWEN SOUND MOE","44.583","-80.933","ON","-0.7","0","1.1","5.6","0","-8.9","0","48.8","0","52.0","57.8","0","45.0","","15","","",NA,"580.6","0.0","6116132"
"PARRY SOUND","45.333","-80.000","ON","-2.6","0",NA,"4.4","0","-20.6","0","40.0","0",NA,"60.7","0",NA,"","14","","",NA,"637.2","0.0","6116254"
"POWASSAN","46.117","-79.250","ON","-4.6","0","3.0","3.3","0","-23.9","0","26.3","0","62.0","32.1","0","50.0","","12","","",NA,"699.6","0.0","6116702"
"PROTON STATION","44.167","-80.517","ON","-3.7","0","1.3","2.8","0","-16.7","0","44.0","0","59.0","49.3","0","48.0","","11","","",NA,"673.4","0.0","6116750"
"RAVENNA","44.467","-80.417","ON","-2.0","0",NA,"4.4","0","-12.2","0","61.1","0",NA,"64.9","0",NA,"","11","","",NA,"620.2","0.0","6116900"
"RAVENSHOE","44.217","-79.400","ON","-1.7","0",NA,"5.6","0","-13.9","0","35.3","0",NA,"50.1","0",NA,"","14","","",NA,"610.7","0.0","6116902"
"ROBERTS LAKE","45.233","-79.817","ON","-3.3","0",NA,"3.9","0","-20.0","0","36.9","0",NA,"55.0","0",NA,"","13","","",NA,"658.8","0.0","6117167"
"SCOTIA","45.517","-79.300","ON","",,NA,"",,"",,"34.5","0",NA,"42.6","0",NA,"","11","","",NA,"","","6117663"
"SHANTY BAY","44.400","-79.633","ON","-1.7","0","1.9","6.1","0","-13.3","0","43.8","0","72.0","51.5","0","61.0","","16","","",NA,"610.7","0.0","6117684"
"TOTTENHAM PEARSON","44.017","-79.800","ON","-1.7","0",NA,"6.1","0","-12.2","0","38.9","0",NA,"57.0","0",NA,"","9","","",NA,"611.7","0.0","6118849"
"UTTERSON ONT HYDRO","45.200","-79.350","ON","-4.1","0",NA,"4.4","0","-25.0","0","41.9","0",NA,"54.7","0",NA,"","16","","",NA,"683.6","0.0","6119115"
"WIARTON A","44.750","-81.100","ON","-1.9","0","0.9","4.4","0","-14.4","0","63.7","0","58.0","62.3","0","56.0","3.0","11","35.8","0","78.0","616.9","0.0","6119500"
"THORNBURY SLAMA","44.567","-80.483","ON","-1.2","0","1.4","5.0","0","-12.2","0","40.1","0","57.0","46.4","0","47.0","","9","","",NA,"595.4","0.0","611HBEC"
"BLYTH","43.717","-81.383","ON","-2.2","0","1.0","3.3","0","-8.9","0","40.3","0","38.0","51.0","0","35.0","","13","","",NA,"626.0","0.0","6120819"
"BRUCEFIELD","43.550","-81.550","ON","-1.7","1",NA,"4.4","1","-10.6","1","48.3","0",NA,"59.0","0",NA,"","12","","",NA,"589.8","0.0","6121025"
"BRUCE ONTARIO HYDRO","44.333","-81.583","ON","-0.3","0",NA,"3.9","0","-6.7","0","21.4","0",NA,"53.5","0",NA,"","7","","",NA,"568.6","0.0","61210K7"
"COVE ISLAND","45.333","-81.733","ON","-1.0","16",NA,"4.4","16","-9.4","15","",,NA,"",,NA,"","","","",NA,"284.4","0.0","6121912"
"COURTRIGHT","42.750","-82.450","ON","-0.9","0","0.8","6.7","0","-11.1","0","40.3","0","223.0","64.6","0","99.0","","14","","",NA,"584.6","0.0","61219J1"
"EXETER","43.350","-81.500","ON","-1.9","3","0.5","4.4","3","-8.3","3","33.6","0","74.0","46.2","0","54.0","","10","","",NA,"558.0","0.0","6122370"
"GODERICH MUNICIPAL A","43.767","-81.700","ON","-0.9","0",NA,"4.4","0","-7.8","0","54.0","0",NA,"61.1","0",NA,"3.0","15","","",NA,"586.6","0.0","6122849"
"LUCKNOW","43.950","-81.500","ON","-2.0","0",NA,"6.1","0","-13.3","0","53.3","0",NA,"59.9","0",NA,"","11","","",NA,"618.8","0.0","6124700"
"PAISLEY","44.267","-81.367","ON","-2.5","0",NA,"3.3","0","-12.2","0","45.8","0",NA,"56.1","0",NA,"","11","","",NA,"635.4","0.0","6126210"
"PETROLIA TOWN","42.883","-82.167","ON","-1.4","0","0.4","6.1","0","-10.0","0","27.2","0","104.0","57.7","0","76.0","","14","","",NA,"600.6","0.0","6126499"
"SARNIA A","42.999","-82.309","ON","-1.5","0","0.3","7.2","0","-10.0","0","39.1","0","150.0","61.2","0","96.0","0.0","13","40.3","0","60.0","605.4","0.0","6127514"
"SARNIA WATERWORKS","43.000","-82.417","ON","-0.9","0",NA,"6.7","0","-10.6","0","19.4","0",NA,"61.4","0",NA,"","11","","",NA,"585.9","0.0","6127527"
"SOUTHAMPTON","44.500","-81.367","ON","-0.5","0",NA,"4.4","0","-8.9","0","25.3","0",NA,"34.7","0",NA,"","6","","",NA,"574.0","0.0","6127887"
"SOUTHAMPTON TOMORI","44.500","-81.317","ON","-1.9","0",NA,"3.9","0","-12.2","0","37.1","0",NA,"42.0","0",NA,"","6","","",NA,"615.4","0.0","6127895"
"TOBERMORY","45.250","-81.667","ON","-0.3","0",NA,"4.4","0","-10.0","0","20.3","0",NA,"25.3","0",NA,"","6","","",NA,"567.2","0.0","6128320"
"WROXETER","43.867","-81.150","ON","",,NA,"",,"",,"25.4","0",NA,"35.8","0",NA,"","11","","",NA,"","","6129660"
"CHATHAM WATERWORKS","42.417","-82.183","ON","-0.7","0",NA,"5.6","0","-8.3","0","44.9","0",NA,"77.9","0",NA,"","17","","",NA,"580.3","0.0","6131416"
"DELHI CDA","42.867","-80.550","ON","-1.3","0","0.9","6.1","0","-11.1","0","40.4","0","127.0","54.4","0","59.0","3.0","13","45.8","0","83.0","598.8","0.0","6131982"
"DRESDEN","42.583","-82.183","ON","-1.3","2","0.3","5.0","2","-12.2","1","30.0","0","148.0","65.5","0","100.0","","11","","",NA,"560.5","0.0","6132090"
"DUNNVILLE PUMPING STN","42.833","-79.617","ON","0.3","0",NA,"8.3","0","-9.4","0","28.5","0",NA,"69.9","0",NA,"","16","","",NA,"548.5","0.0","6132148"
"FORT ERIE","42.883","-78.967","ON","0.4","0","1.1","7.8","0","-8.3","0","51.4","0","101.0","86.8","0","84.0","","16","","",NA,"546.8","0.0","6132470"
"GRIMSBY","43.200","-79.567","ON","0.8","0",NA,"8.3","0","-6.7","0","35.6","0",NA,"47.8","0",NA,"","11","","",NA,"534.7","0.0","6133047"
"GRIMSBY ALLAN","43.167","-79.600","ON","",,NA,"",,"",,"52.5","0",NA,"64.3","0",NA,"","13","","",NA,"","","6133050"
"GRIMSBY ROYAL OAK","43.183","-79.550","ON","-0.4","0",NA,"7.8","0","-9.4","0","48.4","0",NA,"53.8","0",NA,"","10","","",NA,"569.0","0.0","6133059"
"HAGERSVILLE","42.967","-80.067","ON","",,"","",,"",,"31.9","0","154.0","54.8","0","76.0","","12","","",NA,"","","6133120"
"HAGERSVILLE 2","42.933","-80.083","ON","-0.9","0",NA,"6.7","0","-11.1","0","36.5","0",NA,"54.6","0",NA,"","12","","",NA,"586.1","0.0","6133121"
"HARROW CDA","42.033","-82.900","ON","-1.4","0",NA,"4.4","0","-11.1","0","72.1","0",NA,"110.1","0",NA,"","14","55.4","0",NA,"602.3","0.0","6133360"
"KINGSVILLE MOE","42.050","-82.683","ON","-1.2","0","-0.6","4.4","0","-8.9","0","30.6","0","198.0","59.3","0","88.0","","11","","",NA,"596.5","0.0","6134190"
"LANGTON","42.733","-80.583","ON","-1.1","0",NA,"6.1","0","-10.0","0","39.6","0",NA,"63.8","0",NA,"","15","","",NA,"591.1","0.0","6134344"
"LEAMINGTON","42.050","-82.633","ON","-0.8","0",NA,"5.0","0","-7.8","0","55.4","0",NA,"82.0","0",NA,"","15","","",NA,"582.8","0.0","6134390"
"LONG POINT","42.550","-80.050","ON","1.3","12",NA,"7.8","12","-5.6","11","3.8","12",NA,"76.0","12",NA,"","11","","",NA,"316.6","0.0","6134610"
"NEW GLASGOW","42.517","-81.633","ON","-1.1","0","0.0","5.6","0","-9.4","0","48.2","0","281.0","69.6","0","96.0","","8","","",NA,"591.0","0.0","6135583"
"NIAGARA FALLS","43.133","-79.083","ON","-0.2","0",NA,"8.9","0","-7.8","0","47.6","0",NA,"60.3","0",NA,"","13","","",NA,"565.7","0.0","6135638"
"PELEE ISLAND","41.750","-82.683","ON","-1.1","0",NA,"4.4","0","-8.9","0","58.3","0",NA,"75.2","0",NA,"","10","","",NA,"591.5","0.0","6136335"
"PELEE ISLAND U OF W","41.783","-82.683","ON","-0.7","1",NA,"5.0","1","-12.8","1","33.0","0",NA,"61.2","0",NA,"","14","55.5","0",NA,"561.8","0.0","6136339"
"PORT COLBORNE","42.883","-79.250","ON","0.4","0","0.8","8.3","0","-8.3","0","57.1","0","160.0","92.8","0","104.0","","16","","",NA,"545.7","0.0","6136606"
"PORT COLBORNE LIGHT","42.867","-79.250","ON","0.7","0",NA,"7.8","0","-6.7","0","34.9","0",NA,"55.4","0",NA,"","17","","",NA,"534.9","0.0","6136607"
"PORT DALHOUSIE","43.183","-79.267","ON","0.6","0","1.2","9.4","0","-7.2","0","57.8","0","208.0","81.7","0","104.0","","14","","",NA,"538.2","0.0","6136626"
"PORT DOVER","42.783","-80.217","ON","-0.4","0",NA,"7.8","0","-7.8","0","35.7","0",NA,"88.0","0",NA,"","9","","",NA,"570.9","0.0","6136643"
"PORT STANLEY","42.667","-81.217","ON","-0.5","0",NA,"6.7","0","-9.4","0","23.0","0",NA,"56.0","0",NA,"","12","","",NA,"573.4","0.0","6136694"
"RIDGETOWN","42.450","-81.883","ON","-1.1","0",NA,"5.6","0","-9.4","0","40.3","0",NA,"57.5","0",NA,"","11","","",NA,"592.8","0.0","6137147"
"RIDGEVILLE","43.042","-79.325","ON","-0.4","0","0.7","7.2","0","-7.8","0","33.2","0","131.0","62.8","0","80.0","","11","","",NA,"571.5","0.0","6137161"
"ST CATHARINES","43.200","-79.250","ON","0.2","0",NA,"9.4","0","-12.2","0","31.5","0",NA,"44.1","0",NA,"","14","","",NA,"550.6","0.0","6137285"
"ST CATHARINES A","43.200","-79.167","ON","0.1","0","0.9","9.4","0","-8.9","0","39.4","0","131.0","49.8","0","70.0","0.0","12","","",NA,"556.4","0.0","6137287"
"ST CATHARINES POWER GLEN","43.117","-79.250","ON","-0.4","0","0.2","8.3","0","-11.7","0","46.7","0","176.0","59.7","0","83.0","","12","","",NA,"569.4","0.0","6137306"
"ST THOMAS","42.783","-81.167","ON","-1.4","0",NA,"6.1","0","-10.6","0","34.9","0",NA,"63.9","0",NA,"","15","","",NA,"601.6","0.0","6137361"
"ST WILLIAMS","42.700","-80.450","ON","-0.9","0",NA,"7.2","0","-10.6","0","61.5","0",NA,"92.0","0",NA,"","16","","",NA,"587.1","0.0","6137399"
"SIMCOE","42.850","-80.267","ON","-1.0","0",NA,"6.7","0","-8.9","0","43.7","0",NA,"56.6","0",NA,"0.0","14","","",NA,"590.2","0.0","6137730"
"TILLSONBURG MOE","42.850","-80.717","ON","",,NA,"",,"",,"37.4","0",NA,"67.4","0",NA,"","15","","",NA,"","","6138270"
"VINELAND BALLS FALLS","43.133","-79.383","ON","-0.3","0",NA,"8.3","0","-12.2","0","33.8","0",NA,"58.9","0",NA,"","12","","",NA,"566.8","0.0","6139142"
"VINELAND RITTENHOUSE","43.167","-79.417","ON","0.7","0","1.2","9.4","0","-8.3","0","33.2","0","145.0","42.2","0","60.0","","12","","",NA,"537.2","0.0","6139143"
"VINELAND STATION","43.183","-79.400","ON","0.7","0",NA,"9.4","0","-6.7","0","35.6","0",NA,"43.2","0",NA,"0.0","8","59.9","0",NA,"536.3","0.0","6139145"
"VIRGIL BRIGHTS","43.200","-79.150","ON","0.3","0",NA,"9.4","0","-9.4","0","23.6","0",NA,"40.9","0",NA,"","12","","",NA,"548.8","0.0","6139149"
"WALLACEBURG","42.583","-82.400","ON","-1.5","7",NA,"5.0","5","-8.9","7","35.0","0",NA,"64.2","0",NA,"","12","","",NA,"468.3","0.0","6139265"
"WARDSVILLE","42.600","-81.767","ON","-1.4","0",NA,"5.0","0","-10.0","0","36.6","0",NA,"67.3","0",NA,"","13","","",NA,"602.8","0.0","6139287"
"WATERFORD","42.883","-80.233","ON","",,NA,"",,"",,"41.5","0",NA,"68.6","0",NA,"","15","","",NA,"","","6139356"
"WELLAND","43.000","-79.267","ON","0.0","0","1.1","8.9","0","-11.1","0","56.3","0","157.0","85.1","0","93.0","","16","","",NA,"556.7","0.0","6139445"
"WINDSOR A","42.267","-82.967","ON","-1.5","0","-0.3","5.0","0","-11.1","0","73.7","0","256.0","98.9","0","133.0","0.0","15","","",NA,"603.7","0.0","6139525"
"WINDSOR UNIVERSITY","42.300","-83.067","ON","-0.8","0",NA,"6.1","0","-11.1","0","45.0","0",NA,"87.2","0",NA,"","13","","",NA,"581.5","0.0","6139538"
"WOODSLEE CDA","42.217","-82.733","ON","-2.0","0",NA,"4.4","0","-13.3","0","73.6","0",NA,"104.2","0",NA,"","15","","",NA,"619.0","0.0","6139600"
"POINT PELEE","41.950","-82.517","ON","-0.2","0",NA,"5.0","0","-7.8","0","41.3","0",NA,"71.4","0",NA,"","15","","",NA,"565.3","0.0","613FN58"
"ARTHUR","43.817","-80.567","ON","-3.2","1",NA,"3.3","0","-15.0","1","70.0","0",NA,"77.6","0",NA,"","13","","",NA,"637.4","0.0","6140348"
"BLUE SPRINGS CREEK","43.633","-80.117","ON","-3.0","0",NA,"3.9","0","-15.0","0","52.7","0",NA,"55.9","0",NA,"","15","","",NA,"651.1","0.0","6140818"
"BRANTFORD MOE","43.133","-80.233","ON","-0.9","0","1.6","6.7","0","-11.1","0","50.2","0","207.0","66.1","0","102.0","","13","","",NA,"585.5","0.0","6140954"
"BLUE CORWHIN","43.533","-80.117","ON","",,NA,"",,"",,"52.2","0",NA,"63.6","0",NA,"","12","","",NA,"","","6140Q17"
"BLUE SCOUT","43.617","-80.083","ON","",,NA,"",,"",,"41.7","0",NA,"46.8","0",NA,"","12","","",NA,"","","6140QJ7"
"CAMBRIDGE GALT MOE","43.333","-80.317","ON","-2.1","0",NA,"6.1","0","-11.7","0","39.2","0",NA,"52.0","0",NA,"","10","","",NA,"622.2","0.0","6141095"
"CAMBRIDGE-STEWART","43.350","-80.300","ON","",,NA,"",,"",,"36.7","0",NA,"49.0","0",NA,"","12","","",NA,"","","6141100"
"CROMARTY","43.417","-81.333","ON","-2.8","0",NA,"4.4","0","-12.2","0","63.8","0",NA,"71.7","0",NA,"","16","","",NA,"643.8","0.0","6141919"
"CULLODEN EASEY","42.883","-80.850","ON","-1.9","0","0.5","4.4","0","-10.6","0","43.4","0","126.0","59.4","0","66.0","","16","","",NA,"616.3","0.0","6141933"
"DAMASCUS","43.917","-80.483","ON","",,NA,"",,"",,"19.1","14",NA,"20.3","14",NA,"","7","","",NA,"","","6141966"
"DRUMBO","43.233","-80.550","ON","",,NA,"",,"",,"46.7","0",NA,"49.3","0",NA,"","12","","",NA,"","","6142110"
"DRUMBO HARRINGTON","43.233","-80.517","ON","-2.3","0",NA,"5.0","0","-13.3","0","50.2","0",NA,"69.0","0",NA,"","12","","",NA,"628.2","0.0","6142113"
"ELORA RESEARCH STN","43.650","-80.417","ON","-3.0","0",NA,"3.3","0","-13.9","0","33.8","0",NA,"40.7","0",NA,"8.0","11","33.9","0",NA,"652.5","0.0","6142285"
"FERGUS SHAND DAM","43.733","-80.333","ON","-3.2","0","0.7","3.3","0","-15.0","0","42.8","0","126.0","47.4","0","69.0","","12","","",NA,"657.5","0.0","6142400"
"FERGUS MOE","43.702","-80.379","ON","",,NA,"",,"",,"35.7","0",NA,"45.6","0",NA,"","11","","",NA,"","","6142402"
"FOLDENS","43.017","-80.783","ON","-1.8","0","0.9","5.0","0","-10.6","0","32.2","0","122.0","48.6","0","67.0","","14","","",NA,"612.4","0.0","6142420"
"GLANWORTH CFPL","42.883","-81.200","ON","-1.8","0",NA,"5.0","0","-10.6","0","51.2","0",NA,"67.9","0",NA,"","17","","",NA,"614.9","0.0","6142798"
"GLEN ALLAN","43.683","-80.717","ON","-3.0","0","0.8","3.3","0","-13.9","0","41.3","0","89.0","50.6","0","64.0","","13","","",NA,"651.9","0.0","6142803"
"GRAND VALLEY WPCP","43.883","-80.333","ON","-3.5","0",NA,"3.3","0","-16.7","0","37.6","0",NA,"42.5","0",NA,"","12","","",NA,"665.5","0.0","6142991"
"ILDERTON BEAR CREEK","43.050","-81.433","ON","-2.2","0","0.4","5.0","0","-12.2","0","32.0","0","71.0","47.3","0","53.0","","14","","",NA,"625.4","0.0","6143722"
"KITCHENER","43.433","-80.500","ON","-1.8","0",NA,"4.4","0","-7.8","0","38.7","0",NA,"45.1","0",NA,"","15","","",NA,"614.4","0.0","6144232"
"KITCHENER OWRC","43.400","-80.433","ON","",,NA,"",,"",,"32.9","0",NA,"48.7","0",NA,"","10","","",NA,"","","6144245"
"LONDON A","43.033","-81.150","ON","-2.1","0","0.5","5.0","0","-11.1","0","45.7","0","96.0","55.9","0","64.0","0.0","16","37.5","0","72.0","623.9","0.0","6144475"
"LONDON SHARON DRIVE","43.033","-81.283","ON","",,NA,"",,"",,"41.7","0",NA,"58.3","0",NA,"","17","","",NA,"","","6144500"
"LUCAN","43.183","-81.417","ON","",,NA,"",,"",,"51.0","0",NA,"59.2","0",NA,"","13","","",NA,"","","6144665"
"MONTICELLO","43.967","-80.400","ON","-3.7","0",NA,"3.3","0","-15.6","0","46.6","0",NA,"68.2","0",NA,"","14","","",NA,"672.4","0.0","6145267"
"MOUNT FOREST","43.983","-80.750","ON","-3.4","0",NA,"3.3","0","-15.6","0","55.3","0",NA,"41.8","0",NA,"8.0","13","30.0","0",NA,"664.5","0.0","6145503"
"PRESTON","43.400","-80.417","ON","-2.1","0","1.1","5.6","0","-10.0","0","36.2","0","113.0","46.0","0","63.0","","14","","",NA,"622.7","0.0","6146711"
"PRESTON WPCP","43.383","-80.350","ON","",,NA,"",,"",,"41.6","0",NA,"54.2","0",NA,"","12","","",NA,"","","6146714"
"REDICKVILLE","44.233","-80.217","ON","-3.9","1",NA,"4.4","1","-14.4","1","39.8","0",NA,"44.9","0",NA,"","12","","",NA,"657.7","0.0","6146939"
"ROSEVILLE","43.350","-80.467","ON","-2.6","0","0.9","4.4","0","-11.7","0","43.2","0","137.0","47.5","0","69.0","","13","","",NA,"638.7","0.0","6147188"
"SCOTLAND","43.001","-80.428","ON","",,NA,"",,"",,"39.8","0",NA,"69.9","0",NA,"","16","","",NA,"","","6147664"
"STRATFORD MOE","43.367","-81.000","ON","-2.1","0","0.7","3.9","0","-10.0","0","65.7","0","113.0","75.1","0","71.0","","18","","",NA,"624.2","0.0","6148105"
"STRATHROY","42.950","-81.650","ON","-1.8","0","0.4","4.4","0","-13.3","0","32.0","0","72.0","55.1","0","60.0","","19","","",NA,"613.9","0.0","6148120"
"TAVISTOCK","43.317","-80.833","ON","",,NA,"",,"",,"37.7","0",NA,"50.4","0",NA,"","15","","",NA,"","","6148212"
"THAMESFORD","43.067","-81.000","ON","-2.4","0",NA,"4.4","0","-12.2","0","34.6","0",NA,"57.7","0",NA,"","12","","",NA,"632.2","0.0","6148233"
"WALDEMAR","43.883","-80.283","ON","-3.8","0",NA,"4.4","0","-18.3","0","36.9","0",NA,"44.5","0",NA,"","10","","",NA,"675.6","0.0","6149205"
"WATERLOO WPCP","43.483","-80.517","ON","",,NA,"",,"",,"41.0","0",NA,"45.6","0",NA,"","13","","",NA,"","","6149386"
"WATERLOO WELLINGTON A","43.450","-80.383","ON","-2.5","0","0.8","4.4","0","-10.6","0","40.5","0","109.0","38.4","0","54.0","0.0","12","","",NA,"635.0","0.0","6149387"
"WESTMINSTER TWP WPCP","42.917","-81.217","ON","-1.5","0",NA,"5.6","0","-11.1","0","32.2","0",NA,"48.2","0",NA,"","12","","",NA,"605.0","0.0","6149455"
"WOODSTOCK","43.133","-80.767","ON","-1.8","0","0.8","5.6","0","-11.7","0","32.0","0","111.0","48.8","0","63.0","5.0","14","","",NA,"612.8","0.0","6149625"
"ALBION","43.933","-79.833","ON","",,NA,"",,"",,"21.6","0",NA,"28.5","0",NA,"","7","","",NA,"","","6150100"
"ALBION FIELD CENTRE","43.917","-79.833","ON","-1.8","0","2.1","5.0","0","-13.9","0","16.0","0","50.0","23.4","0","41.0","","7","51.7","0",NA,"614.7","0.0","6150103"
"ALDERSHOT","43.317","-79.867","ON","-1.2","0",NA,"6.7","0","-11.1","0","33.0","0",NA,"51.0","0",NA,"","12","","",NA,"595.3","0.0","6150135"
"AURORA PAYMENT","43.983","-79.467","ON","",,NA,"",,"",,"48.2","0",NA,"62.9","0",NA,"","9","","",NA,"","","6150397"
"BELLEVILLE","44.150","-77.400","ON","-1.5","0","1.1","7.8","0","-19.4","0","63.2","0","183.0","92.8","0","117.0","15.0","13","","",NA,"604.6","0.0","6150689"
"BELLEVILLE OWRC","44.167","-77.367","ON","",,NA,"",,"",,"66.2","0",NA,"101.3","0",NA,"","9","","",NA,"","","6150700"
"BLOOMFIELD","43.983","-77.217","ON","",,NA,"",,"",,"48.2","0",NA,"78.5","0",NA,"","8","","",NA,"","","6150815"
"BOWMANVILLE MOSTERT","43.917","-78.667","ON","-0.8","0","1.4","6.1","0","-15.6","0","12.2","0","55.0","66.2","0","97.0","","10","","",NA,"582.8","0.0","6150830"
"BRADFORD MUCK RESEARCH","44.033","-79.600","ON","-1.5","0","1.8","5.6","0","-12.2","0","17.2","0","62.0","31.7","0","61.0","","10","","",NA,"605.2","0.0","6150863"
"BLUE ACTON","43.600","-80.050","ON","",,NA,"",,"",,"44.1","0",NA,"59.3","0",NA,"","10","","",NA,"","","6150HA7"
"BROUGHAM","43.917","-79.117","ON","",,NA,"",,"",,"22.8","0",NA,"45.8","0",NA,"","11","","",NA,"","","6151000"
"BURKETON MCLAUGHLIN","44.033","-78.800","ON","-2.5","0","1.4","4.4","0","-14.4","0","35.6","0","114.0","46.9","0","72.0","","14","46.3","0","70.0","636.3","0.0","6151042"
"BURLINGTON ELIZABETH GDN","43.367","-79.733","ON","",,NA,"",,"",,"28.6","0",NA,"54.7","0",NA,"","9","","",NA,"","","6151057"
"BURLINGTON FIRE HQ'S","43.350","-79.817","ON","",,NA,"",,"",,"28.7","0",NA,"46.4","0",NA,"","9","","",NA,"","","6151059"
"BURLINGTON TS","43.333","-79.833","ON","0.1","0","1.1","7.8","0","-10.0","0","21.6","0","111.0","52.9","0","84.0","","11","","",NA,"553.8","0.0","6151064"
"CAMPBELLFORD","44.300","-77.800","ON","",,NA,"",,"",,"42.0","0",NA,"59.6","0",NA,"","12","","",NA,"","","6151137"
"CLAREMONT","43.950","-79.067","ON","",,NA,"",,"",,"24.2","0",NA,"51.6","0",NA,"","13","","",NA,"","","6151545"
"COBOURG STP","43.967","-78.183","ON","-0.9","0","1.1","7.2","0","-14.4","0","16.8","0","74.0","80.1","0","106.0","","12","","",NA,"585.9","0.0","6151689"
"COLD CREEK","43.917","-79.700","ON","",,NA,"",,"",,"26.7","0",NA,"43.4","0",NA,"","13","","",NA,"","","6151750"
"COPETOWN","43.250","-80.117","ON","",,NA,"",,"",,"62.4","0",NA,"94.6","0",NA,"","12","","",NA,"","","6151866"
"CRESSY","44.100","-76.850","ON","-0.6","0","1.3","8.3","0","-16.1","0","58.4","0","138.0","103.8","0","115.0","","10","","",NA,"577.5","0.0","61519JM"
"ERINDALE","43.567","-79.650","ON","",,NA,"",,"",,"15.1","0",NA,"33.4","0",NA,"","8","","",NA,"","","6152335"
"FRENCHMANS BAY","43.817","-79.083","ON","",,NA,"",,"",,"19.4","0",NA,"47.0","0",NA,"","8","","",NA,"","","6152605"
"GALT OSMOND","43.350","-80.117","ON","",,NA,"",,"",,"49.3","0",NA,"63.5","0",NA,"","14","","",NA,"","","6152661"
"GEORGETOWN WWTP","43.640","-79.879","ON","",,"","",,"",,"26.9","0","91.0","47.5","0","72.0","","11","","",NA,"","","6152695"
"GLEN HAFFY MONO MILLS","43.933","-79.950","ON","",,NA,"",,"",,"19.7","0",NA,"27.6","0",NA,"","6","","",NA,"","","6152833"
"GORES LANDING","44.083","-78.267","ON","-2.1","0",NA,"6.7","0","-19.4","0","42.2","0",NA,"61.2","0",NA,"","14","","",NA,"621.9","0.0","6152951"
"GORMLEY ARDENLEE","43.867","-79.383","ON","-1.2","0",NA,"6.1","0","-15.0","0","40.1","0",NA,"58.2","0",NA,"","12","","",NA,"594.7","0.0","6152953"
"HAMILTON A","43.167","-79.933","ON","-1.4","0","0.9","6.1","0","-10.0","0","50.8","0","152.0","59.1","0","81.0","0.0","12","","",NA,"602.0","0.0","6153194"
"HAMILTON MUNICIPAL LAB","43.250","-79.767","ON","1.0","0",NA,"8.3","0","-6.1","0","39.5","0",NA,"58.3","0",NA,"","12","","",NA,"527.2","0.0","6153290"
"HAMILTON PSYCH HOSPITAL","43.233","-79.900","ON","-0.3","0",NA,"6.1","0","-7.2","0","34.2","0",NA,"55.9","0",NA,"","9","","",NA,"568.1","0.0","6153298"
"HAMILTON RBG","43.283","-79.883","ON","-0.1","0","1.3","7.2","0","-11.1","0","41.6","0","160.0","48.9","0","68.0","0.0","12","67.7","0","95.0","560.6","0.0","6153300"
"HEART LAKE","43.733","-79.783","ON","",,NA,"",,"",,"25.0","0",NA,"34.0","0",NA,"","8","","",NA,"","","6153410"
"HORNBY","43.567","-79.850","ON","-1.2","0",NA,"6.1","0","-12.8","0","26.0","0",NA,"45.0","0",NA,"","14","","",NA,"595.3","0.0","6153545"
"HUTTONVILLE","43.667","-79.817","ON","",,NA,"",,"",,"27.1","0",NA,"42.3","0",NA,"","10","","",NA,"","","6153676"
"KING CREEK","43.900","-79.617","ON","-1.7","0",NA,"6.1","0","-15.6","0","35.3","0",NA,"50.8","0",NA,"","12","","",NA,"611.6","0.0","6154135"
"KING SMOKE TREE","44.017","-79.517","ON","-2.5","0","1.2","4.4","0","-12.8","0","36.8","0","136.0","47.4","0","85.0","","13","","",NA,"636.5","0.0","6154142"
"LAKEVIEW MOE","43.567","-79.567","ON","0.6","1",NA,"7.8","0","-11.7","1","22.9","0",NA,"49.1","0",NA,"","11","","",NA,"522.3","0.0","6154310"
"MAIN DUCK ISLAND","43.933","-76.633","ON","0.9","12",NA,"8.9","12","-5.6","12","12.5","12",NA,"137.6","12",NA,"","7","","",NA,"324.4","0.0","6154820"
"MAPLE","43.867","-79.483","ON","",,NA,"",,"",,"32.2","0",NA,"45.7","0",NA,"","11","","",NA,"","","6154950"
"MARKHAM MTRCA","43.867","-79.283","ON","",,NA,"",,"",,"32.1","0",NA,"58.3","0",NA,"","8","","",NA,"","","6154990"
"MARKHAM MOE","43.867","-79.250","ON","-1.1","0",NA,"5.6","0","-15.0","0","27.0","0",NA,"59.4","0",NA,"","12","","",NA,"592.1","0.0","6154992"
"MARKHAM WATERWORKS","43.833","-79.350","ON","",,NA,"",,"",,"18.7","0",NA,"48.9","0",NA,"","8","","",NA,"","","6154994"
"MILLGROVE","43.317","-79.967","ON","-1.2","0","1.2","5.6","0","-9.4","0","48.2","0","150.0","75.1","0","99.0","","11","","",NA,"593.9","0.0","6155183"
"MILTON KELSO","43.500","-79.950","ON","-1.3","0",NA,"5.6","0","-12.8","0","32.5","0",NA,"55.7","0",NA,"","13","","",NA,"599.2","0.0","6155187"
"MONO MILLS THERAFIELD","43.967","-79.983","ON","",,NA,"",,"",,"24.9","0",NA,"29.9","0",NA,"","9","","",NA,"","","6155257"
"MORGANSTON","44.167","-77.833","ON","-2.2","2",NA,"6.7","2","-16.1","2","58.4","0",NA,"82.1","0",NA,"","14","","",NA,"586.0","0.0","6155450"
"MORVEN IHD","44.250","-76.850","ON","-2.1","0",NA,"8.3","0","-23.3","0","87.0","0",NA,"119.5","0",NA,"","11","48.7","0",NA,"623.1","0.0","6155496"
"NORVAL","43.650","-79.850","ON","",,NA,"",,"",,"17.8","0",NA,"44.3","0",NA,"","6","","",NA,"","","6155713"
"OAK RIDGES","43.967","-79.467","ON","-2.4","0",NA,"4.4","0","-10.0","0","28.2","0",NA,"39.6","0",NA,"","11","51.2","0",NA,"632.3","0.0","6155722"
"ORANGEVILLE MOE","43.917","-80.083","ON","-2.4","0","1.7","3.9","0","-12.2","0","38.4","0","110.0","41.7","0","65.0","","10","","",NA,"631.7","0.0","6155790"
"ORONO","43.967","-78.617","ON","-1.4","0",NA,"6.7","0","-15.0","0","16.5","0",NA,"70.6","0",NA,"","10","","",NA,"602.1","0.0","6155854"
"OSHAWA WPCP","43.867","-78.833","ON","-0.1","0","1.1","7.2","0","-11.7","0","20.3","0","82.0","57.4","0","81.0","","14","","",NA,"561.0","0.0","6155878"
"PICKERING","43.850","-79.050","ON","",,NA,"",,"",,"15.7","0",NA,"40.8","0",NA,"","11","","",NA,"","","6156513"
"PICKERING AUDLEY","43.900","-79.050","ON","-0.8","0",NA,"8.9","0","-15.0","0","18.8","0",NA,"51.0","0",NA,"","8","","",NA,"582.5","0.0","6156515"
"PICKERING FIRE HALL #5","43.833","-79.083","ON","",,NA,"",,"",,"14.2","0",NA,"31.8","0",NA,"","9","","",NA,"","","6156518"
"PICTON","44.017","-77.133","ON","-1.0","0",NA,"9.4","0","-18.9","0","56.6","0",NA,"70.8","0",NA,"","11","","",NA,"588.2","0.0","6156533"
"PINE GROVE","43.800","-79.583","ON","",,NA,"",,"",,"17.7","0",NA,"51.9","0",NA,"","11","","",NA,"","","6156545"
"PORT HOPE","43.950","-78.283","ON","0.0","0",NA,"7.2","0","-11.1","0","19.5","0",NA,"75.8","0",NA,"","12","","",NA,"557.6","0.0","6156670"
"RICHMOND HILL","43.877","-79.448","ON","-1.2","0","1.5","6.1","0","-13.9","0","36.6","0","109.0","52.4","0","78.0","","13","","",NA,"594.9","0.0","6157012"
"RICHMOND HILL WPCP","43.867","-79.433","ON","-1.4","0",NA,"5.6","0","-12.8","0","21.6","0",NA,"59.1","0",NA,"","11","","",NA,"601.0","0.0","6157014"
"ROUGE PARK","43.817","-79.133","ON","",,NA,"",,"",,"27.8","0",NA,"46.4","0",NA,"","10","","",NA,"","","6157194"
"SHARON","44.100","-79.433","ON","",,NA,"",,"",,"23.4","0",NA,"41.3","0",NA,"","9","","",NA,"","","6157685"
"SMITHFIELD CDA","44.083","-77.667","ON","-1.6","0",NA,"6.7","0","-18.3","0","59.0","0",NA,"89.6","0",NA,"8.0","13","51.5","0",NA,"609.1","0.0","6157831"
"SPEYSIDE IHD","43.550","-80.017","ON","-2.4","1",NA,"5.0","1","-15.6","0","50.7","0",NA,"59.6","0",NA,"","9","","",NA,"610.5","0.0","6157976"
"STEWARTOWN","43.617","-79.933","ON","",,NA,"",,"",,"27.4","0",NA,"42.5","0",NA,"","11","","",NA,"","","6158025"
"STOUFFVILLE","44.000","-79.267","ON","",,NA,"",,"",,"35.1","0",NA,"53.9","0",NA,"","11","","",NA,"","","6158080"
"STOUFFVILLE WPCP","43.967","-79.250","ON","-2.0","0",NA,"5.0","0","-16.1","0","31.0","0",NA,"38.6","0",NA,"","8","","",NA,"618.6","0.0","6158084"
"THORNHILL GRANDVIEW","43.800","-79.417","ON","",,NA,"",,"",,"28.0","0",NA,"51.5","0",NA,"","10","","",NA,"","","6158255"
"TORONTO","43.667","-79.400","ON","1.2","0","1.7","8.9","0","-7.2","0","27.7","0","115.0","45.4","0","74.0","0.0","9","61.8","0","79.0","520.0","0.0","6158350"
"TORONTO ASHBRIDGES BAY","43.667","-79.317","ON","",,NA,"",,"",,"6.4","0",NA,"35.9","0",NA,"","11","","",NA,"","","6158370"
"TORONTO BEACON ROAD","43.750","-79.267","ON","-0.2","0",NA,"7.2","0","-9.4","0","31.8","0",NA,"59.3","0",NA,"","11","","",NA,"563.3","0.0","6158384"
"TORONTO BERMONDSEY","43.717","-79.317","ON","",,NA,"",,"",,"20.0","0",NA,"44.3","0",NA,"","10","","",NA,"","","6158385"
"TORONTO BEVERLEY HILLS","43.733","-79.500","ON","",,NA,"",,"",,"25.9","0",NA,"41.3","0",NA,"","10","","",NA,"","","6158386"
"TORONTO BLACK CREEK","43.767","-79.517","ON","",,NA,"",,"",,"23.1","0",NA,"48.5","0",NA,"","10","","",NA,"","","6158398"
"TORONTO BRIDLEWOOD","43.783","-79.317","ON","",,NA,"",,"",,"41.6","0",NA,"64.7","0",NA,"","14","","",NA,"","","6158408"
"TORONTO DOWNSVIEW A","43.750","-79.483","ON","0.1","2",NA,"6.7","2","-10.0","1","28.5","1",NA,"39.0","1",NA,"0.0","11","","",NA,"519.7","0.0","6158443"
"TORONTO DUNN LORING WOOD","43.800","-79.350","ON","",,NA,"",,"",,"26.8","0",NA,"54.2","0",NA,"","11","","",NA,"","","6158480"
"TORONTO ELLESMERE","43.767","-79.267","ON","-0.5","0",NA,"8.9","0","-9.4","0","23.1","0",NA,"47.3","0",NA,"","10","","",NA,"573.6","0.0","6158520"
"TORONTO ETOBICOKE","43.633","-79.533","ON","0.5","0",NA,"7.8","0","-7.8","0","16.6","0",NA,"27.0","0",NA,"","6","","",NA,"542.2","0.0","6158525"
"TORONTO FALLINGBROOK","43.683","-79.267","ON","",,NA,"",,"",,"12.2","0",NA,"45.4","0",NA,"","9","","",NA,"","","6158536"
"TORONTO GREENWOOD","43.667","-79.317","ON","",,NA,"",,"",,"13.8","0",NA,"29.2","0",NA,"","8","","",NA,"","","6158575"
"TORONTO ISLAND A","43.629","-79.395","ON","0.7","0",NA,"7.8","0","-6.7","0","19.5","0",NA,"41.3","0",NA,"0.0","10","","",NA,"537.1","0.0","6158665"
"TORONTO ISLINGTON","43.650","-79.550","ON","0.1","4",NA,"8.3","2","-10.0","3","26.0","0",NA,"53.6","0",NA,"","10","","",NA,"483.3","0.0","6158691"
"TORONTO JANE-WILSON","43.717","-79.517","ON","",,NA,"",,"",,"23.6","0",NA,"55.8","0",NA,"","8","","",NA,"","","6158712"
"TORONTO KEELE-FINCH","43.767","-79.483","ON","",,NA,"",,"",,"12.1","0",NA,"47.6","0",NA,"","7","","",NA,"","","6158718"
"TORONTO LESTER B. PEARSON INT'L A","43.667","-79.600","ON","-1.3","0","0.9","5.6","0","-11.7","0","28.6","0","115.0","45.6","0","79.0","0.0","10","","",NA,"599.0","0.0","6158733"
"TORONTO MALVERN","43.800","-79.233","ON","-0.8","0",NA,"6.7","0","-12.2","0","28.2","0",NA,"58.6","0",NA,"","13","","",NA,"581.4","0.0","6158738"
"TORONTO MET RES STN","43.800","-79.550","ON","-1.1","0",NA,"6.1","0","-13.3","0","21.0","0",NA,"43.3","0",NA,"","10","54.0","0",NA,"592.8","0.0","6158740"
"TORONTO NEW INT'L A","43.950","-79.133","ON","-2.1","0",NA,"5.6","0","-15.0","0","43.0","0",NA,"56.8","0",NA,"8.0","12","","",NA,"623.4","0.0","6158749"
"TORONTO NEWTON","43.800","-79.417","ON","",,NA,"",,"",,"29.6","0",NA,"55.9","0",NA,"","10","","",NA,"","","6158752"
"TORONTO NORTHCLIFFE","43.683","-79.450","ON","-0.2","0",NA,"7.8","0","-8.9","0","22.0","0",NA,"50.9","0",NA,"","9","","",NA,"563.2","0.0","6158762"
"TOR OLD BURNHAMTHORPE","43.650","-79.583","ON","",,NA,"",,"",,"21.4","0",NA,"43.1","0",NA,"","10","","",NA,"","","6158763"
"TORONTO OLD WESTON RD","43.650","-79.467","ON","",,NA,"",,"",,"17.7","0",NA,"41.6","0",NA,"","7","","",NA,"","","6158764"
"TORONTO SANCTBURY","43.667","-79.583","ON","",,NA,"",,"",,"27.0","0",NA,"40.6","0",NA,"","9","","",NA,"","","6158771"
"TORONTO SUNNYBROOK","43.717","-79.383","ON","",,NA,"",,"",,"35.1","0",NA,"56.4","0",NA,"","12","","",NA,"","","6158779"
"TOR SCARBOROUGH COLLEGE","43.783","-79.183","ON","-0.7","0",NA,"7.8","0","-12.2","0","22.4","0",NA,"54.4","0",NA,"","12","","",NA,"578.2","0.0","61587P6"
"TORONTO SENECA HILL","43.783","-79.350","ON","",,NA,"",,"",,"20.0","0",NA,"40.4","0",NA,"","10","","",NA,"","","61587PG"
"TORONTO SHERBOURNE","43.650","-79.367","ON","",,NA,"",,"",,"10.6","0",NA,"44.7","0",NA,"","13","","",NA,"","","61587PP"
"TRENTON A","44.117","-77.533","ON","-2.1","0","1.2","7.8","0","-18.9","0","50.0","0","137.0","84.1","0","107.0","8.0","14","","",NA,"622.2","0.0","6158875"
"TRENTON ONT HYDRO","44.133","-77.600","ON","-2.5","0",NA,"6.7","0","-17.8","0","46.5","0",NA,"79.9","0",NA,"","14","","",NA,"634.2","0.0","6158885"
"TRENTON MOE","44.117","-77.567","ON","-1.8","0",NA,"7.2","0","-18.3","0","46.6","0",NA,"75.9","0",NA,"","12","","",NA,"614.2","0.0","6158888"
"TORONTO BRYNSTON","43.667","-79.550","ON","",,NA,"",,"",,"9.3","0",NA,"35.4","0",NA,"","7","","",NA,"","","6158D1B"
"TORONTO CASTLEMERE","43.783","-79.317","ON","-0.8","0",NA,"6.7","0","-11.1","0","34.4","0",NA,"58.3","0",NA,"","13","","",NA,"584.1","0.0","6158M1K"
"TYRONE","44.017","-78.733","ON","-2.0","0","1.5","6.7","0","-16.1","0","19.7","0","64.0","50.5","0","67.0","","13","","",NA,"621.0","0.0","6159048"
"UNIONVILLE","43.933","-79.333","ON","",,NA,"",,"",,"19.2","0",NA,"24.3","0",NA,"","7","","",NA,"","","6159058"
"UXBRIDGE 3","44.133","-79.083","ON","-2.3","0",NA,"6.1","0","-17.2","0","43.0","0",NA,"49.9","0",NA,"","10","","",NA,"629.4","0.0","6159125"
"VALENS","43.383","-80.133","ON","-2.2","0",NA,"5.0","0","-11.7","0","30.7","0",NA,"43.7","0",NA,"","10","","",NA,"626.1","0.0","6159127"
"WILCOX LAKE","43.950","-79.433","ON","",,NA,"",,"",,"24.2","0",NA,"42.0","0",NA,"","11","","",NA,"","","6159510"
"WOODBRIDGE","43.783","-79.600","ON","-1.8","0","1.0","7.2","0","-13.3","0","37.3","0","164.0","47.2","0","82.0","","11","","",NA,"613.3","0.0","6159575"
"TORONTO YORK MILLS","43.750","-79.383","ON","",,NA,"",,"",,"27.0","0",NA,"71.7","0",NA,"","10","","",NA,"","","615HHDF"
"OAKVILLE SOUTHEAST WPCP","43.483","-79.633","ON","0.1","0","1.4","8.9","0","-10.6","0","13.4","0","90.0","44.3","0","75.0","","9","","",NA,"554.2","0.0","615N745"
"BANCROFT","45.050","-77.850","ON","-3.8","0",NA,"6.1","0","-21.7","0","33.6","0",NA,"49.2","0",NA,"20.0","11","","",NA,"677.3","0.0","6160465"
"CLOYNE ONT HYDRO","44.817","-77.183","ON","-4.5","0",NA,"3.9","0","-26.1","0","54.6","0",NA,"70.6","0",NA,"","11","","",NA,"697.0","0.0","6161662"
"COBOCONK","44.600","-78.767","ON","-2.9","0",NA,"5.0","0","-17.8","0","53.3","0",NA,"67.7","0",NA,"","14","","",NA,"646.8","0.0","6161682"
"HALIBURTON A","45.000","-78.583","ON","-4.0","0",NA,"4.4","0","-23.3","0","29.4","0",NA,"46.4","0",NA,"","13","","",NA,"680.5","0.0","6163156"
"HYBLA MARSHALL","45.150","-77.850","ON","-4.8","0",NA,"5.6","0","-22.8","0","47.5","0",NA,"56.4","0",NA,"","14","","",NA,"706.6","0.0","6163677"
"LINDSAY FILTRATION PLANT","44.350","-78.733","ON","-2.7","0",NA,"5.0","0","-16.7","0","34.6","0",NA,"36.4","0",NA,"","11","","",NA,"642.7","0.0","6164432"
"LINDSAY FROST","44.333","-78.733","ON","-2.7","0","1.7","5.0","0","-16.7","0","24.9","0","64.0","32.5","0","47.0","","13","","",NA,"641.1","0.0","6164433"
"LORNEVILLE","44.483","-78.950","ON","-2.7","0",NA,"5.0","0","-17.8","0","35.8","0",NA,"54.6","0",NA,"","16","","",NA,"640.7","0.0","6164615"
"MINDEN","44.933","-78.717","ON","-3.3","0","2.3","5.6","0","-23.3","0","39.2","0","65.0","54.9","0","58.0","","15","","",NA,"661.8","0.0","6165195"
"NORWOOD","44.383","-77.967","ON","-2.8","0",NA,"6.1","0","-23.3","0","38.5","0",NA,"49.0","0",NA,"","10","","",NA,"646.3","0.0","6165716"
"PETERBOROUGH A","44.233","-78.367","ON","-2.6","0","1.8","6.7","0","-18.9","0","37.0","0","109.0","52.8","0","82.0","5.0","11","","",NA,"637.4","0.0","6166418"
"PETERBOROUGH DOBBIN TS","44.317","-78.400","ON","-3.0","0",NA,"6.1","0","-21.1","0","40.8","0",NA,"51.8","0",NA,"","15","","",NA,"651.3","0.0","6166428"
"PETERBOROUGH STP","44.283","-78.317","ON","-2.0","0",NA,"7.2","0","-16.1","0","38.3","0",NA,"45.4","0",NA,"","11","","",NA,"619.9","0.0","6166450"
"PETERBOROUGH TRENT U","44.367","-78.300","ON","-2.5","0","1.5","6.1","0","-17.8","0","43.7","0","127.0","58.5","0","89.0","","11","","",NA,"634.0","0.0","6166455"
"WEST GUILFORD","45.100","-78.683","ON","-4.9","0",NA,"5.0","0","-26.1","0","45.8","0",NA,"64.4","0",NA,"","16","","",NA,"708.6","0.0","6169453"
"BARRIERE STONEHAM","47.167","-71.250","QC","-8.5","0",NA,"7.2","0","-29.4","0","84.7","0",NA,"84.7","0",NA,"","12","","",NA,"821.8","0.0","7010478"
"BERTHIERVILLE","46.050","-73.183","QC","-4.8","0",NA,"6.1","0","-22.2","0","56.4","0",NA,"101.9","0",NA,"","10","38.9","0",NA,"707.8","0.0","7010720"
"CHARLESBOURG JAR ZOO","46.900","-71.300","QC","-6.2","1",NA,"8.9","1","-22.2","1","60.3","0",NA,"99.2","0",NA,"","12","","",NA,"726.5","0.0","7011308"
"CHARLESBOURG PARC ORLEAN","46.867","-71.267","QC","-5.3","0",NA,"8.9","0","-20.6","0","69.9","0",NA,"106.4","0",NA,"","13","","",NA,"722.6","0.0","7011309"
"CHUTE PANET","46.867","-71.867","QC","-7.1","0",NA,"7.2","0","-25.0","0","58.3","0",NA,"123.7","0",NA,"","11","","",NA,"779.4","0.0","7011600"
"COTEAU DU LAC","45.317","-74.167","QC","-5.0","17",NA,"7.2","17","-18.3","10","38.1","12",NA,"98.6","12",NA,"","3","","",NA,"322.2","0.0","7011947"
"DONNACONA 2","46.683","-71.733","QC","-6.1","0","0.7","7.2","0","-22.2","0","34.8","0","60.0","52.6","0","62.0","","9","","",NA,"747.0","0.0","7012071"
"DUBERGER","46.817","-71.300","QC","-5.4","0",NA,"4.4","0","-20.0","0","63.6","0",NA,"84.1","0",NA,"","14","","",NA,"725.0","0.0","7012232"
"DUCHESNAY","46.867","-71.650","QC","-6.5","0",NA,"7.2","0","-23.3","0","72.7","0",NA,"139.5","0",NA,"","10","68.2","0",NA,"760.6","0.0","7012240"
"HEROUXVILLE","46.667","-72.600","QC","-6.1","4",NA,"6.1","4","-18.9","3","50.7","3",NA,"116.5","3",NA,"","12","","",NA,"650.7","0.0","7013100"
"JOLIETTE VILLE","46.017","-73.433","QC","-4.6","1","2.1","5.0","0","-19.4","1","82.5","0","161.0","88.4","0","114.0","","7","","",NA,"676.6","0.0","7013362"
"L'ASSOMPTION","45.809","-73.435","QC","-5.0","0",NA,"6.1","0","-23.9","0","51.3","0",NA,"100.6","0",NA,"25.0","12","44.0","0",NA,"713.8","0.0","7014160"
"LAVALTRIE CDA","45.933","-73.317","QC","-4.5","0",NA,"9.4","0","-23.9","0","43.7","0",NA,"85.9","0",NA,"36.0","9","","",NA,"696.6","0.0","7014260"
"LES CEDRES","45.300","-74.050","QC","-2.7","0",NA,"8.9","0","-15.0","0","48.9","3",NA,"51.4","5",NA,"","8","","",NA,"642.9","0.0","7014290"
"MASCOUCHE","45.750","-73.600","QC","-5.1","0","1.2","5.6","0","-25.6","0","22.8","0","56.0","80.2","0","105.0","","5","","",NA,"717.4","0.0","7014629"
"NEUFCHATEL","46.850","-71.367","QC","-5.6","0",NA,"8.9","0","-19.4","0","73.7","0",NA,"81.3","0",NA,"","11","","",NA,"732.2","0.0","7015417"
"NOTRE DAME DE LA MERCI","46.233","-74.050","QC","-7.7","8",NA,"5.6","8","-23.3","8","68.8","5",NA,"71.3","6",NA,"","6","","",NA,"590.2","0.0","7015665"
"OKA","45.500","-74.067","QC","-4.7","0","1.6","8.3","0","-21.1","0","55.2","0","102.0","93.3","0","104.0","","12","","",NA,"704.1","0.0","7015730"
"QUEBEC/JEAN LESAGE INTL A","46.800","-71.383","QC","-5.8","0","2.7","6.7","0","-20.0","0","61.2","0","85.0","98.3","0","98.0","33.0","12","78.6","0","96.0","739.0","0.0","7016294"
"RIGAUD","45.500","-74.367","QC","-3.7","0","2.9","7.8","0","-18.3","0","73.5","0","209.0","102.2","0","158.0","","12","","",NA,"673.2","0.0","7016470"
"RIVIERE VERTE OUEST","46.983","-71.833","QC","-6.5","0","2.3","7.8","0","-18.3","0","71.8","0","83.0","127.1","0","108.0","","14","","",NA,"758.1","0.0","7016675"
"ST ALBAN","46.717","-72.083","QC","-6.0","0","2.1","6.7","0","-17.2","0","42.1","0","79.0","87.1","0","103.0","","7","","",NA,"742.6","0.0","7016800"
"ST ALEXIS DES MONTS","46.533","-73.150","QC","",,"","6.7","0","",,"55.0","0","103.0","134.3","0","176.0","","10","","",NA,"","","7016816"
"STE ANNE DE LA PERADE","46.583","-72.233","QC","-5.9","0","2.0","6.1","0","-19.4","0","60.6","0","107.0","87.4","0","97.0","","10","","",NA,"739.6","0.0","7016840"
"ST AUGUSTIN","46.733","-71.500","QC","-5.9","0",NA,"7.8","0","-19.4","0","63.8","0",NA,"96.8","0",NA,"30.0","14","83.0","0",NA,"739.5","0.0","7016900"
"STE BEATRIX","46.200","-73.600","QC","-6.0","0","2.4","5.6","0","-19.4","0","62.4","0","106.0","135.3","0","165.0","","13","","",NA,"744.8","0.0","7016902"
"STE CATHERINE","46.850","-71.617","QC","-6.6","0",NA,"7.8","0","-21.7","0","87.2","0",NA,"140.3","0",NA,"","12","","",NA,"762.3","0.0","7016932"
"ST CHARLES DE MANDEVILLE","46.350","-73.350","QC","",,"","",,"",,"57.8","0","105.0","109.4","0","129.0","","10","","",NA,"","","7016960"
"ST CLET NORD","45.383","-74.250","QC","-4.8","0",NA,"7.8","0","-23.9","0","35.2","0",NA,"75.6","0",NA,"","17","","",NA,"708.3","0.0","7017032"
"ST COME","46.283","-73.750","QC","-6.3","0","2.9","7.2","0","-22.2","0","42.8","0","66.0","107.8","0","127.0","","9","","",NA,"754.7","0.0","7017080"
"ST DONAT","46.317","-74.200","QC","-6.0","1","3.3","7.2","1","-20.6","1","55.6","1",NA,"101.4","1",NA,"","10","","",NA,"718.9","0.0","7017100"
"ST GABRIEL DE BRANDON","46.300","-73.383","QC","-5.5","0",NA,"6.1","0","-20.0","0","54.9","0",NA,"134.9","0",NA,"","10","","",NA,"727.3","0.0","7017270"
"ST JACQUES","45.950","-73.583","QC","-5.1","0",NA,"5.0","0","-23.9","0","80.6","0",NA,"106.0","0",NA,"","12","","",NA,"716.2","0.0","7017380"
"ST JANVIER","45.733","-73.883","QC","-5.3","0",NA,"7.2","0","-26.7","0","48.4","0",NA,"92.6","0",NA,"","9","","",NA,"721.0","0.0","7017386"
"ST JOSEPH DE MEKINAC","46.917","-72.683","QC","",,NA,"7.2","0","",,"59.3","0",NA,"105.8","0",NA,"","15","","",NA,"","","7017422"
"ST JUSTIN","46.267","-73.100","QC","-5.4","0",NA,"9.4","0","-21.1","0","51.5","0",NA,"96.4","0",NA,"","8","","",NA,"724.2","0.0","7017435"
"ST LAZARE","45.400","-74.200","QC","",,NA,"",,"",,"71.2","0",NA,"92.8","0",NA,"","13","","",NA,"","","7017445"
"ST LIN DES LAURENTIDES","45.850","-73.750","QC","-5.3","0",NA,"3.9","0","-16.7","0","53.7","0",NA,"86.2","0",NA,"","8","","",NA,"722.8","0.0","7017480"
"ST NARCISSE","46.533","-72.433","QC","-6.2","0","2.0","7.2","0","-22.2","0","23.6","0","52.0","49.1","0","64.0","","8","","",NA,"750.3","0.0","7017585"
"ST PAULIN","46.417","-73.017","QC","-5.8","2",NA,"5.0","2","-18.3","2","56.7","0",NA,"129.4","0",NA,"","9","","",NA,"689.7","0.0","7017640"
"STE THERESE OUEST","45.650","-73.883","QC","-4.5","0","1.9","7.8","0","-25.0","0","66.4","0","136.0","125.8","0","149.0","","13","","",NA,"696.3","0.0","7017755"
"ST TITE","46.733","-72.567","QC","-6.5","0",NA,"6.7","0","-17.8","0","33.3","0",NA,"92.2","0",NA,"","8","","",NA,"760.0","0.0","7017760"
"ST ZENON","46.617","-73.867","QC","-7.8","0",NA,"6.1","0","-25.6","0","70.9","0",NA,"105.7","0",NA,"","12","","",NA,"800.1","0.0","7017786"
"STE FOY MATAPEDIA","46.750","-71.283","QC","-4.9","0",NA,"8.3","0","-17.8","0","60.5","0",NA,"73.5","0",NA,"","12","","",NA,"708.6","0.0","7017B65"
"STE FOY (PIE XII)","46.783","-71.317","QC","-4.8","8",NA,"8.3","8","-17.8","8","57.9","8",NA,"81.8","8",NA,"","9","","",NA,"525.1","0.0","7017BFN"
"SHAWINIGAN","46.567","-72.750","QC","-5.0","0",NA,"5.6","0","-16.7","0","80.1","0",NA,"149.4","0",NA,"","13","","",NA,"714.4","0.0","7018000"
"TROIS RIVIERES","46.367","-72.600","QC","-5.2","0",NA,"6.1","0","-18.9","0","64.6","0",NA,"107.6","0",NA,"","8","","",NA,"720.2","0.0","7018564"
"VALCARTIER FES","46.950","-71.500","QC","-6.4","0",NA,"6.1","0","-20.6","0","83.4","0",NA,"135.8","0",NA,"","14","","",NA,"756.6","0.0","7018577"
"COURVILLE DE POISSY","46.883","-71.167","QC","-6.0","0",NA,"9.4","0","-21.1","0","49.7","0",NA,"77.9","0",NA,"","11","","",NA,"745.2","0.0","701A9E0"
"TROIS RIVIERES AQUEDUC","46.383","-72.617","QC","-5.5","0","1.9","8.3","0","-20.6","0","56.9","0","87.0","100.3","0","107.0","","10","","",NA,"728.1","0.0","701HE63"
"LAC AUX SABLES","46.867","-72.400","QC","-7.1","0","2.0","7.2","0","-20.6","0","40.4","0","74.0","86.9","0","115.0","","14","55.4","0",NA,"776.6","0.0","701LEEH"
"ABERCORN","45.033","-72.667","QC","-4.0","0",NA,"13.3","0","-24.4","0","62.6","0",NA,"68.2","0",NA,"","16","","",NA,"683.1","0.0","7020040"
"ASBESTOS","45.767","-71.950","QC","-4.1","12",NA,"11.1","12","-18.9","12","17.7","12",NA,"36.0","12",NA,"","4","","",NA,"420.0","0.0","7020360"
"AUDET","45.650","-70.733","QC","",,NA,"",,"",,"44.1","0",NA,"52.9","0",NA,"","14","","",NA,"","","7020391"
"BEAUCEVILLE","46.200","-70.767","QC","-5.3","0",NA,"10.0","0","-23.9","0","20.8","0",NA,"25.6","0",NA,"","8","","",NA,"721.7","0.0","7020560"
"BECANCOUR","46.333","-72.433","QC","-5.7","0",NA,"9.4","0","-19.4","0","44.0","0",NA,"76.3","0",NA,"","5","","",NA,"733.9","0.0","7020570"
"BETHANIE","45.500","-72.433","QC","-4.1","0",NA,"11.1","0","-22.2","0","45.6","0",NA,"50.6","0",NA,"","13","","",NA,"684.4","0.0","7020750"
"BIRCHTON","45.367","-71.667","QC","",,NA,"",,"",,"23.0","0",NA,"31.7","0",NA,"","13","","",NA,"","","7020785"
"BISHOPTON","45.583","-71.567","QC","",,NA,"",,"",,"22.7","5",NA,"27.3","5",NA,"","9","","",NA,"","","7020800"
"BONSECOURS","45.400","-72.267","QC","-4.9","0","2.0","13.3","0","-25.6","0","45.5","0","63.0","49.6","0","47.0","","14","","",NA,"708.8","0.0","7020828"
"BRITANNIA MILLS","45.633","-72.817","QC","",,NA,"",,"",,"24.9","0",NA,"32.8","0",NA,"","7","","",NA,"","","7020835"
"BROME","45.183","-72.567","QC","-3.8","0","2.4","12.2","0","-22.2","0","39.4","0","52.0","46.0","0","41.0","","11","","",NA,"675.1","0.0","7020840"
"BROMONT","45.300","-72.633","QC","",,NA,"4.4","3","",,"45.7","0",NA,"45.7","0",NA,"","9","","",NA,"","","7020850"
"BROMPTONVILLE","45.483","-71.950","QC","-4.1","0","2.1","11.1","0","-20.0","0","76.3","0","146.0","86.2","0","93.0","","19","","",NA,"684.7","0.0","7020860"
"BROUGHTON STATION","46.200","-71.117","QC","-4.1","16",NA,"3.9","10","-12.2","11","42.5","0",NA,"52.9","0",NA,"","14","","",NA,"331.5","0.0","7020865"
"BULWER","45.350","-71.700","QC","",,NA,"",,"",,"49.7","0",NA,"59.1","0",NA,"","16","","",NA,"","","7020877"
"BURY","45.517","-71.483","QC","-4.8","0",NA,"12.2","0","-22.2","0","51.8","0",NA,"61.9","0",NA,"","22","","",NA,"707.7","0.0","7020885"
"BARNSTON","45.083","-71.883","QC","",,NA,"",,"",,"59.4","0",NA,"79.3","0",NA,"","15","","",NA,"","","7020DDP"
"CHARTIERVILLE","45.283","-71.200","QC","",,NA,"",,"",,"33.0","0",NA,"47.9","0",NA,"","13","","",NA,"","","7021320"
"CHRISTMAS BROOK NORTH","45.417","-71.367","QC","",,NA,"",,"",,"45.8","0",NA,"58.8","0",NA,"","10","","",NA,"","","7021460"
"CHUTE HEMMINGS","45.867","-72.450","QC","-4.3","0",NA,"11.7","0","-20.6","0","36.1","0",NA,"52.1","0",NA,"","9","","",NA,"692.5","0.0","7021580"
"CLIFTON RIVER","45.300","-71.567","QC","",,NA,"",,"",,"49.0","0",NA,"53.8","0",NA,"","18","","",NA,"","","7021718"
"CLIFTON RIVER SOUTH","45.233","-71.500","QC","",,NA,"",,"",,"53.1","0",NA,"59.7","0",NA,"","13","","",NA,"","","7021719"
"COATICOOK","45.150","-71.800","QC","-4.5","5","1.4","11.1","5","-18.9","4","30.4","7",NA,"34.2","7",NA,"","7","","",NA,"585.8","0.0","7021840"
"COMPTON STATION CDA FE","45.217","-71.867","QC","",,NA,"",,"",,"29.9","0",NA,"35.5","0",NA,"","9","","",NA,"","","7021917"
"COOKSHIRE","45.417","-71.633","QC","-4.2","0",NA,"11.7","0","-21.7","0","53.3","0",NA,"59.4","0",NA,"","17","","",NA,"686.7","0.0","7021918"
"DISRAELI","45.917","-71.317","QC","-5.6","0",NA,"11.7","0","-21.1","0","33.3","0",NA,"37.6","0",NA,"","11","61.6","0",NA,"732.1","0.0","7022000"
"DRUMMONDVILLE","45.883","-72.483","QC","-4.1","0","1.9","10.6","0","-19.4","0","34.8","0","57.0","55.4","0","57.0","","10","","",NA,"686.2","0.0","7022160"
"DUNHAM","45.150","-72.817","QC","",,NA,"",,"",,"30.5","0",NA,"39.6","0",NA,"","4","","",NA,"","","7022246"
"EAST ANGUS","45.483","-71.667","QC","-4.6","0",NA,"11.1","0","-21.7","0","34.7","0",NA,"54.8","0",NA,"","15","","",NA,"700.7","0.0","7022280"
"EAST CLIFTON NORTH","45.267","-71.567","QC","",,NA,"",,"",,"44.6","2",NA,"51.7","2",NA,"","13","","",NA,"","","7022288"
"EAST HEREFORD","45.083","-71.500","QC","-4.7","0",NA,"9.4","0","-23.3","0","59.5","0",NA,"89.1","0",NA,"","17","","",NA,"704.2","0.0","7022300"
"EATON SECOND BRANCH","45.267","-71.433","QC","-5.1","0",NA,"11.1","0","-17.8","0","44.4","0",NA,"53.7","0",NA,"","17","","",NA,"715.7","0.0","7022306"
"FARNHAM","45.300","-72.900","QC","-3.8","0","1.7","13.3","0","-25.0","0","53.8","0","105.0","63.6","0","66.0","","17","","",NA,"676.4","0.0","7022320"
"FLANDERS","45.367","-71.550","QC","",,NA,"",,"",,"34.6","7",NA,"42.0","7",NA,"","16","","",NA,"","","7022374"
"FLEURY","45.800","-73.000","QC","-4.4","0","1.9","8.9","0","-23.3","0","54.5","0","118.0","88.3","0","105.0","","11","","",NA,"693.4","0.0","7022375"
"FORTIERVILLE","46.483","-72.050","QC","-5.6","0","2.2","9.4","0","-22.8","0","8.7","0","15.0","25.0","0","28.0","","5","","",NA,"732.0","0.0","7022494"
"FRAMPTON","46.433","-70.833","QC","-5.8","0",NA,"7.2","0","-16.7","0","54.7","0",NA,"54.7","0",NA,"","9","","",NA,"738.2","0.0","7022553"
"FRANKLIN CENTRE","45.033","-73.900","QC","-2.7","0",NA,"12.2","0","-16.7","0","45.9","0",NA,"55.6","0",NA,"","14","","",NA,"640.8","0.0","7022560"
"GARTHBY","45.833","-71.383","QC","-5.5","0",NA,"10.6","0","-20.6","0","32.4","0",NA,"40.2","0",NA,"","14","","",NA,"729.8","0.0","7022596"
"GENTILLY","46.400","-72.367","QC","-4.8","3",NA,"8.3","2","-21.7","1","38.3","0",NA,"45.9","0",NA,"","6","","",NA,"638.7","0.0","7022700"
"GEORGEVILLE","45.133","-72.233","QC","-4.5","0","1.9","11.1","0","-22.2","0","57.6","0","82.0","64.5","0","57.0","","13","","",NA,"698.3","0.0","7022720"
"GRANBY","45.383","-72.717","QC","-3.2","0","2.4","12.8","0","-18.9","0","54.5","0","90.0","63.2","0","62.0","","15","","",NA,"658.1","0.0","7022800"
"HAM NORD","45.933","-71.633","QC","-6.4","12",NA,"10.0","8","-18.3","9","55.0","9",NA,"84.7","9",NA,"","11","","",NA,"463.0","0.0","7022985"
"HATLEY","45.200","-71.950","QC","",,NA,"",,"",,"27.8","0",NA,"31.3","0",NA,"","11","","",NA,"","","7023005"
"HEMMINGFORD FOUR WINDS","45.067","-73.717","QC","-2.9","0","2.0","11.7","0","-23.3","0","45.3","0","116.0","87.2","0","120.0","","11","","",NA,"646.5","0.0","7023075"
"HUNTINGDON","45.050","-74.167","QC","-2.8","0",NA,"11.7","0","-18.9","0","41.3","0",NA,"50.9","0",NA,"","11","","",NA,"645.1","0.0","7023240"
"IBERVILLE","45.333","-73.250","QC","-2.8","0","2.3","10.6","0","-17.8","0","60.7","0","132.0","68.8","0","77.0","","14","37.6","0",NA,"644.3","0.0","7023270"
"INVERNESS","46.250","-71.517","QC","-4.9","3",NA,"11.7","2","-20.0","2","50.5","0",NA,"59.4","0",NA,"","15","","",NA,"641.6","0.0","7023284"
"ISLAND BROOK","45.383","-71.467","QC","-5.4","0",NA,"10.6","0","-24.4","0","35.8","0",NA,"45.7","0",NA,"","16","","",NA,"725.3","0.0","7023312"
"KINNEARS MILLS","46.200","-71.383","QC","",,NA,"",,"",,"54.1","0",NA,"59.9","0",NA,"","15","","",NA,"","","7023465"
"KNOWLTON","45.217","-72.500","QC","",,NA,"",,"",,"28.5","7",NA,"38.4","7",NA,"","10","","",NA,"","","7023530"
"LAC MEGANTIC 2","45.600","-70.867","QC","-5.5","0","1.9","10.0","0","-18.9","0","27.3","0","49.0","27.3","0","37.0","","12","","",NA,"729.7","0.0","7023677"
"LAMBTON","45.833","-71.083","QC","-5.2","0",NA,"11.7","0","-18.9","0","22.9","0",NA,"25.9","0",NA,"","13","","",NA,"719.0","0.0","7024000"
"LA PATRIE","45.400","-71.250","QC","-5.2","0",NA,"10.6","0","-22.8","0","21.4","0",NA,"26.8","0",NA,"","10","","",NA,"719.6","0.0","7024080"
"LAPRAIRIE","45.383","-73.433","QC","-3.3","0",NA,"8.3","0","-19.4","0","15.2","0",NA,"50.8","0",NA,"","3","","",NA,"660.7","0.0","7024100"
"LA SALLE","45.433","-73.617","QC","-2.5","0",NA,"8.3","0","-15.0","0","45.7","0",NA,"76.1","0",NA,"","8","","",NA,"634.3","0.0","7024118"
"LAURIERVILLE","46.333","-71.667","QC","-6.1","0","1.3","11.7","0","-21.1","0","57.0","0","95.0","72.2","0","77.0","","14","","",NA,"747.5","0.0","7024250"
"LAVAL DES RAPIDES","45.533","-73.700","QC","-3.1","0",NA,"8.3","0","-17.8","0","66.2","0",NA,"123.6","0",NA,"","9","","",NA,"654.5","0.0","7024256"
"LAWRENCE","45.417","-71.433","QC","-5.4","0",NA,"10.6","0","-20.6","0","63.5","0",NA,"71.5","0",NA,"","20","","",NA,"724.8","0.0","7024263"
"LEARNED PLAIN","45.433","-71.550","QC","",,NA,"",,"",,"43.8","0",NA,"64.1","0",NA,"","16","","",NA,"","","7024270"
"LENNOXVILLE","45.369","-71.824","QC","-3.8","0",NA,"11.1","0","-20.6","0","36.9","0",NA,"45.6","0",NA,"10.0","14","38.2","0",NA,"676.9","0.0","7024280"
"LINGWICK","45.633","-71.367","QC","",,NA,"",,"",,"18.1","0",NA,"23.2","0",NA,"","10","","",NA,"","","7024320"
"LITTLE CANADA EAST","45.367","-71.200","QC","",,NA,"",,"",,"31.7","0",NA,"38.0","0",NA,"","12","","",NA,"","","7024327"
"MACDONALD COLLEGE","45.417","-73.933","QC","-3.1","0",NA,"8.3","0","-20.0","0","10.3","0",NA,"46.7","0",NA,"","7","","",NA,"653.6","0.0","7024400"
"MAGOG","45.267","-72.117","QC","-3.8","0","2.3","11.1","0","-18.9","0","41.0","0","72.0","54.7","0","62.0","","15","","",NA,"674.3","0.0","7024440"
"MAPLE LEAF","45.333","-71.500","QC","-4.2","0",NA,"11.1","0","-19.4","0","16.6","0",NA,"34.9","0",NA,"","6","","",NA,"689.0","0.0","7024623"
"MAPLE LEAF EAST","45.333","-71.400","QC","-4.8","0",NA,"10.0","0","-17.8","0","45.6","0",NA,"53.2","0",NA,"","17","33.5","0",NA,"706.9","0.0","7024624"
"MARTINVILLE","45.300","-71.733","QC","",,NA,"",,"",,"38.4","0",NA,"54.2","0",NA,"","15","","",NA,"","","7024628"
"MELOCHEVILLE","45.317","-73.950","QC","-2.9","0",NA,"9.4","0","-19.4","0","61.2","0",NA,"98.0","0",NA,"","12","","",NA,"648.4","0.0","7024858"
"MERCIER","45.317","-73.783","QC","-3.5","0",NA,"10.0","0","-23.9","0","45.7","0",NA,"72.3","0",NA,"","11","","",NA,"667.8","0.0","7024878"
"MILAN","45.583","-71.117","QC","-6.3","0","1.7","10.0","0","-21.7","0","45.9","0","54.0","45.9","0","39.0","","16","","",NA,"752.3","0.0","7024920"
"MONTREAL/PIERRE ELLIOTT TRUDEAU INTL A","45.467","-73.750","QC","-3.5","0","1.9","8.9","0","-20.6","0","52.2","0","107.0","90.3","0","104.0","18.0","11","50.6","0","61.0","667.2","0.0","7025250"
"MONTREAL JAR BOT","45.567","-73.550","QC","-2.7","0",NA,"8.3","0","-16.7","0","67.5","0",NA,"110.2","0",NA,"","11","","",NA,"641.6","0.0","7025257"
"MONTREAL JEAN BREBEUF","45.500","-73.617","QC","-2.7","0",NA,"10.0","0","-16.7","0","54.6","0",NA,"100.1","0",NA,"","10","35.6",".375",NA,"642.3","0.0","7025260"
"MONTREAL LAFONTAINE","45.517","-73.567","QC","-2.0","0",NA,"9.4","0","-15.0","0","67.8","0",NA,"110.8","0",NA,"","11","","",NA,"621.3","0.0","7025267"
"MONTREAL MCGILL","45.500","-73.583","QC","-2.1","0",NA,"8.3","0","-15.0","0","59.3","0",NA,"99.9","0",NA,"23.0","9","39.0","2.91666666666666666666666666666666666667",NA,"624.1","0.0","7025280"
"NEW MEXICO","45.350","-71.483","QC","",,NA,"",,"",,"40.1","0",NA,"40.1","0",NA,"","13","","",NA,"","","7025425"
"NICOLET","46.200","-72.617","QC","-4.7","0","2.6","6.7","0","-21.1","0","32.0","0","60.0","43.4","0","60.0","","7","","",NA,"702.9","0.0","7025440"
"NORTH HATLEY","45.283","-71.950","QC","",,NA,"",,"",,"16.0","14",NA,"16.0","14",NA,"","4","","",NA,"","","7025660"
"NOTRE DAME DES BOIS","45.400","-71.083","QC","-5.5","0","2.4","8.9","0","-18.3","0","28.9","0","33.0","28.9","0","24.0","","9","","",NA,"729.9","0.0","7025670"
"ORMSTOWN","45.117","-74.050","QC","-3.2","0","1.8","12.2","0","-20.6","0","34.7","0","100.0","50.4","0","72.0","","12","","",NA,"657.8","0.0","7025745"
"PETIT LAC","45.400","-71.583","QC","",,NA,"",,"",,"49.6","0",NA,"100.2","0",NA,"","18","","",NA,"","","7026005"
"PHILIPSBURG","45.033","-73.083","QC","-2.9","0","1.4","13.3","0","-22.2","0","56.7","0","148.0","65.4","0","91.0","","15","","",NA,"647.8","0.0","7026040"
"POINTE CLAIRE","45.467","-73.800","QC","-3.2","0",NA,"8.3","0","-18.3","0","72.6","0",NA,"131.6","0",NA,"","12","","",NA,"656.7","0.0","7026073"
"POINTE DU MOULIN","45.350","-73.917","QC","-2.9","0",NA,"8.3","0","-18.9","0","40.7","0",NA,"58.4","0",NA,"","7","","",NA,"648.6","0.0","702607F"
"POSTE SARAGUAY","45.500","-73.750","QC","-2.7","9",NA,"9.4","8","-15.0","9","21.2","7",NA,"51.2","8",NA,"","9","","",NA,"455.0","0.0","7026213"
"PRINCEVILLE","46.150","-71.917","QC","",,NA,"",,"",,"30.5","0",NA,"35.9","0",NA,"","8","","",NA,"","","7026250"
"RANBORO EST","45.317","-71.517","QC","",,NA,"",,"",,"52.8","0",NA,"59.7","0",NA,"","18","","",NA,"","","7026344"
"RICHMOND","45.633","-72.133","QC","-4.1","0",NA,"10.6","0","-20.0","0","47.7","0",NA,"49.7","0",NA,"","14","","",NA,"683.7","0.0","7026465"
"RIVIERE DES PRAIRIES","45.700","-73.500","QC","-4.0","0","2.1","7.2","0","-17.8","0","45.6","0","107.0","63.2","0","77.0","","7","","",NA,"682.1","0.0","7026612"
"ROUGEMONT","45.433","-73.100","QC","-3.2","0",NA,"10.6","0","-19.4","0","51.4","0",NA,"65.6","0",NA,"","15","","",NA,"658.4","0.0","7026700"
"ROXTON FALLS","45.550","-72.533","QC","",,NA,"",,"",,"45.7","0",NA,"55.4","0",NA,"","14","","",NA,"","","7026730"
"SACRE COEUR DE MARIE","46.133","-71.167","QC","-5.7","0",NA,"11.1","0","-21.1","0","57.6","0",NA,"63.2","0",NA,"","14","","",NA,"735.2","0.0","7026739"
"ST ADRIEN D IRLANDE","46.117","-71.450","QC","",,NA,"",,"",,"48.2","0",NA,"56.3","0",NA,"","12","","",NA,"","","7026754"
"ST ANICET","45.133","-74.350","QC","-2.9","0","1.7","10.0","0","-20.6","0","58.3","0","161.0","95.9","0","130.0","","12","","",NA,"648.4","0.0","7026836"
"STE ANNE DE BELLEVUE","45.433","-73.933","QC","-3.2","8",NA,"8.3","8","-15.0","8","54.8","8",NA,"94.2","8",NA,"","8","22.7","3.33333333333333333333333333333333333333",NA,"487.8","0.0","7026839"
"ST ANTOINE DE PONTBRIAND","46.150","-71.250","QC","-6.0","13",NA,"10.0","13","-17.8","10","48.5","7",NA,"62.7","7",NA,"","11","","",NA,"432.5","0.0","7026885"
"ST BENOIT LABRE","46.050","-70.800","QC","-6.1","0",NA,"10.0","0","-21.1","0","38.5","0",NA,"48.1","0",NA,"","12","","",NA,"747.4","0.0","7026915"
"ST BERNARD DE LACOLLE","45.083","-73.383","QC","-2.5","0","2.2","10.6","0","-16.7","0","59.6","0","144.0","64.9","0","86.0","","12","","",NA,"634.9","0.0","7026916"
"STE CECILE","45.667","-70.933","QC","-5.8","0",NA,"9.4","0","-22.2","0","25.8","0",NA,"26.6","0",NA,"","9","","",NA,"736.5","0.0","7026936"
"STE CLOTHILDE CDA","45.167","-73.683","QC","-3.1","0",NA,"11.1","0","-18.9","0","50.6","0",NA,"62.2","0",NA,"13.0","8","38.6","0",NA,"653.0","0.0","7027040"
"ST COME DE LINIERE","46.050","-70.517","QC","-6.1","0","1.7","10.0","0","-25.6","0","29.7","0","67.0","34.3","0","49.0","","16","","",NA,"745.7","0.0","7027083"
"ST CONSTANT","45.367","-73.583","QC","-3.7","0",NA,"8.9","0","-22.8","0","52.9","0",NA,"74.6","0",NA,"","9","","",NA,"673.5","0.0","7027085"
"STE CROIX","46.617","-71.783","QC","-6.2","0",NA,"3.9","0","-22.2","0","60.8","0",NA,"86.5","0",NA,"","13","","",NA,"751.2","0.0","7027088"
"STE DOROTHEE","45.517","-73.783","QC","-3.6","11",NA,"8.3","11","-20.0","0","65.4","0",NA,"127.3","0",NA,"","14","","",NA,"432.7","0.0","7027110"
"STE EDWIDGE","45.200","-71.683","QC","",,NA,"",,"",,"62.6","0",NA,"66.4","0",NA,"","17","","",NA,"","","7027120"
"ST EPHREM","46.067","-70.967","QC","-6.8","0","1.0","10.0","0","-21.1","0","33.8","0","61.0","34.3","0","38.0","","7","","",NA,"770.1","0.0","7027200"
"ST FERDINAND","46.100","-71.583","QC","-6.0","0","1.5","10.0","0","-19.4","0","38.4","0","56.0","43.4","0","40.0","","8","","",NA,"743.5","0.0","7027248"
"ST FLAVIEN","46.483","-71.567","QC","-6.0","0","2.1","8.9","0","-20.6","0","43.7","1",NA,"43.7","1",NA,"","4","","",NA,"744.2","0.0","7027259"
"ST FORTUNAT","45.967","-71.600","QC","-5.5","0",NA,"10.6","0","-20.6","0","56.5","0",NA,"83.0","0",NA,"","16","","",NA,"729.5","0.0","7027264"
"STE FRANCOISE ROMAINE","46.483","-71.933","QC","-6.5","0",NA,"8.9","0","-21.7","0","79.0","0",NA,"125.2","0",NA,"","16","","",NA,"758.4","0.0","7027267"
"ST GEDEON","45.867","-70.617","QC","-5.7","0",NA,"8.3","0","-23.9","0","40.8","0",NA,"40.8","0",NA,"","12","","",NA,"733.2","0.0","7027277"
"STE GENEVIEVE","45.500","-73.850","QC","-3.3","0","2.4","8.3","0","-19.4","0","60.7","0","135.0","100.4","0","117.0","","8","","",NA,"659.4","0.0","7027280"
"ST GEORGES","46.150","-70.700","QC","-4.3","0","3.2","8.9","0","-22.2","0","8.7","17",NA,"8.7","17",NA,"","1","","",NA,"691.5","0.0","7027283"
"ST GUILLAUME","45.883","-72.767","QC","-4.6","0","2.2","9.4","0","-22.8","0","25.7","0","70.0","44.8","0","67.0","","4","","",NA,"701.9","0.0","7027302"
"ST HERMENEGILDE","45.117","-71.700","QC","",,NA,"",,"",,"45.0","0",NA,"47.3","0",NA,"","12","","",NA,"","","7027308"
"ST HILAIRE DORSET","45.867","-70.867","QC","-7.8","0",NA,"8.9","0","-23.3","0","28.7","0",NA,"30.7","0",NA,"","10","","",NA,"798.3","0.0","7027309"
"MONTREAL/ST-HUBERT A","45.517","-73.417","QC","-3.7","0","2.1","7.8","0","-22.2","0","52.6","0","108.0","81.7","0","92.0","18.0","8","","",NA,"671.8","0.0","7027320"
"ST HYACINTHE","45.633","-72.950","QC","-3.2","0",NA,"12.8","0","-18.9","0","48.2","0",NA,"63.7","0",NA,"15.0","11","","",NA,"656.8","0.0","7027360"
"ST HYACINTHE 2","45.567","-72.917","QC","-3.7","0","2.1","11.1","0","-22.2","0","40.1","0","78.0","68.6","0","72.0","","13","35.6","0","69.0","672.5","0.0","7027361"
"ST ISIDORE D'AUCKLAND","45.267","-71.517","QC","-5.6","0",NA,"10.0","0","-25.0","0","43.2","0",NA,"46.2","0",NA,"","17","35.3",".41666666666666666666666666666666666667",NA,"733.0","0.0","7027372"
"ST JEAN CHRYSOSTOME","46.717","-71.217","QC","-6.1","0",NA,"8.9","0","-21.1","0","61.9","0",NA,"71.6","0",NA,"","15","","",NA,"748.2","0.0","7027391"
"ST JEAN DE BREBEUF","46.183","-71.450","QC","-4.5","0",NA,"10.6","0","-17.8","0","25.9","0",NA,"32.3","0",NA,"","7","","",NA,"697.7","0.0","7027392"
"ST JULIEN","46.000","-71.533","QC","",,NA,"",,"",,"30.3","0",NA,"32.8","0",NA,"","7","","",NA,"","","7027426"
"ST LUDGER","45.750","-70.683","QC","-6.3","0","1.0","7.8","0","-22.8","0","49.7","0","85.0","54.1","0","67.0","","11","45.0","1.33333333333333333333333333333333333333",NA,"753.6","0.0","7027516"
"ST MALO D AUCKLAND","45.200","-71.500","QC","-5.1","0","2.2","8.3","0","-16.7","0","61.2","0","74.0","70.6","0","60.0","","14","","",NA,"714.6","0.0","7027520"
"STE MARTINE","45.217","-73.850","QC","-2.9","0","2.2","10.0","0","-21.1","0","36.5","0","100.0","52.0","0","69.0","","9","","",NA,"646.6","0.0","7027540"
"ST MATHIAS","45.300","-71.400","QC","",,NA,"",,"",,"49.6","0",NA,"74.0","0",NA,"","16","","",NA,"","","7027550"
"ST MATHIEU LAPRAIRIE","45.350","-73.533","QC","-3.8","0",NA,"8.3","0","-21.1","0","57.2","0",NA,"98.3","0",NA,"","7","","",NA,"675.7","0.0","7027560"
"ST NAZAIRE","45.733","-72.617","QC","-5.0","0","1.5","10.0","0","-25.6","0","44.6","0","88.0","73.0","0","86.0","","15","","",NA,"712.3","0.0","7027588"
"ST ODILON","46.350","-70.650","QC","-6.8","0",NA,"8.3","0","-22.2","0","48.7","0",NA,"60.6","0",NA,"","15","","",NA,"767.4","0.0","7027593"
"ST PIERRE BAPTISTE","46.200","-71.633","QC","",,NA,"",,"",,"17.5","11",NA,"26.4","11",NA,"","7","","",NA,"","","7027653"
"ST PIERRE DE BROUGHTON","46.250","-71.217","QC","-6.4","1","1.5","9.4","0","-21.1","1","38.3","0","55.0","46.4","0","46.0","","15","","",NA,"730.7","0.0","7027656"
"ST PROSPER","46.217","-70.500","QC","-7.1","0","1.2","9.4","0","-28.3","0","28.5","0","48.0","35.3","0","40.0","","12","","",NA,"777.9","0.0","7027660"
"ST REMI","45.283","-73.600","QC","-3.2","0",NA,"8.9","0","-20.0","0","55.9","0",NA,"69.3","0",NA,"","8","","",NA,"658.7","0.0","7027690"
"STE ROSALIE","45.617","-72.867","QC","",,NA,"",,"",,"52.8","0",NA,"81.7","0",NA,"","11","","",NA,"","","7027718"
"ST SEBASTIEN","45.767","-70.950","QC","-7.0","0","0.7","8.9","0","-24.4","0","34.8","0","48.0","51.4","0","51.0","","13","","",NA,"776.3","0.0","7027725"
"ST SEVERIN","46.333","-71.050","QC","-7.1","0","1.2","7.2","0","-18.3","0","37.7","0","62.0","42.0","0","47.0","","4","","",NA,"777.3","0.0","7027733"
"STE SOPHIE","46.150","-71.700","QC","",,NA,"",,"",,"56.3","0",NA,"74.6","0",NA,"","17","","",NA,"","","7027737"
"ST THEOPHILE","45.933","-70.483","QC","-5.8","0","1.8","9.4","0","-20.6","0","27.8","0","66.0","30.6","0","51.0","","13","","",NA,"737.6","0.0","7027750"
"ST VALERIEN","45.567","-72.667","QC","",,NA,"",,"",,"34.3","0",NA,"43.5","0",NA,"","14","","",NA,"","","7027772"
"ST ZACHARIE","46.117","-70.383","QC","-7.9","0",NA,"6.7","0","-21.7","0","72.1","0",NA,"76.7","0",NA,"","18","","",NA,"801.6","0.0","7027785"
"SAWYERVILLE","45.333","-71.567","QC","",,NA,"",,"",,"31.7","0",NA,"39.8","0",NA,"","12","","",NA,"","","7027800"
"SAWYERVILLE NORD","45.367","-71.533","QC","-4.4","0","1.8","11.1","0","-17.8","0","48.5","0","76.0","53.1","0","56.0","","14","39.0","0","81.0","695.8","0.0","7027802"
"SCOTT","46.500","-71.083","QC","-6.3","0","1.3","8.3","0","-22.8","0","42.4","0","63.0","45.4","0","46.0","","10","","",NA,"751.9","0.0","7027840"
"SHERBROOKE A","45.433","-71.683","QC","-4.8","0",NA,"11.7","0","-22.8","0","39.1","0",NA,"46.6","0",NA,"15.0","16","","",NA,"706.4","0.0","7028124"
"SHERBROOKE (UNIVERSITE)","45.383","-71.933","QC","-3.8","0",NA,"11.7","0","-18.9","0","36.9","0",NA,"45.3","0",NA,"","15","","",NA,"675.3","0.0","7028128"
"SOREL","46.033","-73.117","QC","-4.0","0","2.2","7.2","0","-18.3","0","46.2","0","95.0","57.6","0","72.0","","10","","",NA,"680.7","0.0","7028200"
"SOUTH DURHAM","45.633","-72.350","QC","-4.4","0",NA,"10.6","0","-18.9","0","38.2","0",NA,"42.5","0",NA,"","13","","",NA,"694.2","0.0","7028211"
"STANSTEAD","45.017","-72.100","QC","-3.8","0",NA,"10.6","0","-21.1","0","46.8","0",NA,"51.9","0",NA,"","13","","",NA,"677.2","0.0","7028280"
"SUTTON JONCTION","45.150","-72.633","QC","-3.3","0",NA,"13.3","0","-20.0","0","58.3","0",NA,"77.1","0",NA,"","15","42.4","0",NA,"660.4","0.0","7028295"
"THETFORD MINES","46.100","-71.350","QC","-6.1","0","1.3","9.4","0","-19.4","0","45.3","0","54.0","47.3","0","40.0","","14","","",NA,"746.9","0.0","7028441"
"VALCOURT","45.483","-72.317","QC","",,NA,"",,"",,"25.8","0",NA,"81.0","0",NA,"","5","","",NA,"","","7028580"
"VALLEE JONCTION","46.383","-70.933","QC","-6.1","8","1.2","8.9","7","-21.1","8","28.8","7",NA,"44.0","7",NA,"","10","41.8","1.66666666666666666666666666666666666667",NA,"555.3","0.0","7028676"
"VALLEYFIELD","45.283","-74.100","QC","-2.7","1","2.4","8.3","0","-17.2","1","15.6","0","36.0","56.0","0","73.0","","10","","",NA,"620.3","0.0","7028680"
"VAL RACINE","45.483","-71.067","QC","-5.6","0",NA,"10.0","0","-22.8","0","58.3","0",NA,"62.6","0",NA,"","17","","",NA,"730.6","0.0","7028695"
"VERCHERES","45.767","-73.367","QC","-4.2","0","1.3","6.7","0","-20.6","0","64.4","0","130.0","92.8","0","114.0","","14","","",NA,"689.1","0.0","7028700"
"VICTORIAVILLE","46.050","-71.967","QC","-4.8","0",NA,"12.8","0","-22.8","0","28.7","0",NA,"32.3","0",NA,"","11","61.0","0",NA,"706.8","0.0","7028720"
"VIMY RIDGE","46.000","-71.417","QC","",,NA,"",,"",,"29.5","0",NA,"29.5","0",NA,"","6","","",NA,"","","7028770"
"WARDEN","45.383","-72.500","QC","-4.2","0",NA,"12.2","0","-23.3","0","56.1","0",NA,"59.6","0",NA,"","14","","",NA,"689.2","0.0","7028890"
"WEST DITTON","45.400","-71.300","QC","-5.4","0",NA,"9.4","0","-17.8","0","63.4","0",NA,"68.2","0",NA,"","19","37.7","0",NA,"725.5","0.0","7028906"
"WOBURN","45.383","-70.867","QC","-5.5","0",NA,"11.1","0","-18.3","0","39.1","0",NA,"49.8","0",NA,"","8","","",NA,"727.9","0.0","7028946"
"DAVELUYVILLE","46.183","-72.200","QC","-5.0","0",NA,"8.9","0","-21.1","0","52.4","0",NA,"73.0","0",NA,"","10","","",NA,"714.4","0.0","702A9ND"
"EATON","45.367","-71.600","QC","",,NA,"",,"",,"56.6","0",NA,"65.3","0",NA,"","16","","",NA,"","","702BC0E"
"ST FRANCOIS DE LAVAL","45.667","-73.583","QC","-4.0","0",NA,"7.8","0","-21.1","0","75.2","0",NA,"118.6","0",NA,"","13","","",NA,"683.1","0.0","702G266"
"SHERMAN BROOK NORTH","45.450","-71.500","QC","",,NA,"",,"",,"40.2","0",NA,"40.2","0",NA,"","9","","",NA,"","","702HACH"
"STATTON BROOK NORTH","45.417","-71.483","QC","",,NA,"",,"",,"57.8","0",NA,"72.7","0",NA,"","21","","",NA,"","","702HBHA"
"SUCKER POND NORTH","45.300","-71.600","QC","",,NA,"",,"",,"44.6","0",NA,"51.7","0",NA,"","14","","",NA,"","","702HBHG"
"EATON RIVER NORTH","45.233","-71.500","QC","",,NA,"",,"",,"53.7","0",NA,"63.3","0",NA,"","18","","",NA,"","","702K30E"
"ANGERS","45.550","-75.550","QC","-4.8","0","2.7","6.1","0","-26.1","0","65.1","0","119.0","96.1","0","113.0","","17","","",NA,"705.5","0.0","7030170"
"ARUNDEL","45.950","-74.617","QC","-5.8","0","1.7","7.2","0","-28.3","0","76.1","0","158.0","111.9","0","136.0","","16","","",NA,"736.7","0.0","7030310"
"BARRAGE MERCIER","46.717","-75.983","QC","-6.3","0",NA,"4.4","0","-24.4","0","42.0","0",NA,"67.2","0",NA,"","11","","",NA,"752.0","0.0","7030457"
"BELL FALLS","45.767","-74.683","QC","",,NA,"",,"",,"55.7","2",NA,"76.1","4",NA,"","10","","",NA,"","","7030640"
"BLANCHE","45.750","-75.333","QC","-5.4","0",NA,"7.2","0","-26.1","0","93.6","0",NA,"129.2","1",NA,"","12","","",NA,"725.5","0.0","7030810"
"BUCKINGHAM","45.583","-75.417","QC","-4.1","0",NA,"6.7","0","-22.2","0","63.6","0",NA,"101.9","0",NA,"","16","","",NA,"684.6","0.0","7030874"
"CAMP TAMARACOUTA","45.833","-74.200","QC","-6.1","0",NA,"6.7","0","-26.1","0","97.5","0",NA,"155.2","0",NA,"","17","","",NA,"748.2","0.0","7031017"
"CHELSEA","45.517","-75.783","QC","-3.9","0","2.7","6.1","0","-18.3","0","94.3","0","183.0","131.6","0","159.0","","15","","",NA,"679.7","0.0","7031360"
"CHENEVILLE","45.900","-75.083","QC","-5.1","3","2.7","7.8","3","-24.4","3","90.3","3",NA,"133.5","3",NA,"","18","","",NA,"647.9","0.0","7031375"
"CHUTE ST PHILIPPE","46.650","-75.250","QC","-6.1","0",NA,"8.3","0","-30.0","0","57.1","0",NA,"78.7","0",NA,"","14","","",NA,"747.1","0.0","7031636"
"FERME NEUVE","46.700","-75.450","QC","-7.4","0",NA,"3.9","0","-32.2","0","58.9","0",NA,"84.8","0",NA,"","14","14.3","6.33333333333333333333333333333333333333",NA,"787.2","0.0","7032370"
"FORT COULONGE","45.817","-76.750","QC","-4.4","0",NA,"7.2","0","-23.9","0","29.2","0",NA,"42.7","0",NA,"","11","","",NA,"693.6","0.0","7032440"
"HARRINGTON FOREST FARM","45.850","-74.633","QC","-4.8","0",NA,"8.3","0","-25.0","0","92.8","0",NA,"135.0","0",NA,"","16","31.4","0",NA,"706.9","0.0","7032997"
"HUBERDEAU","45.967","-74.633","QC","-5.2","0",NA,"7.8","0","-26.7","0","79.7","0",NA,"114.5","0",NA,"","16","","",NA,"720.3","0.0","7033160"
"LACHUTE","45.650","-74.333","QC","-4.6","0","1.9","6.1","0","-21.1","0","85.1","0","162.0","119.9","0","133.0","","15","","",NA,"701.3","0.0","7033650"
"LAC ST DENIS","45.933","-74.317","QC","-6.7","0",NA,"6.1","0","-26.1","0","89.6","0",NA,"138.6","0",NA,"","16","","",NA,"765.1","0.0","7033700"
"LA MACAZA A","46.400","-74.783","QC","-6.7","0",NA,"8.3","0","-25.6","0","48.0","0",NA,"71.1","0",NA,"","14","","",NA,"766.5","0.0","7033940"
"LA MINERVE","46.250","-74.933","QC","-6.6","0",NA,"7.8","0","-28.9","0","68.4","0",NA,"92.6","0",NA,"","12","","",NA,"763.4","0.0","7034010"
"L'ANNONCIATION","46.417","-74.867","QC","-6.5","3",NA,"7.2","1","-28.9","2","76.0","0",NA,"100.4","0",NA,"","8","","",NA,"686.9","0.0","7034040"
"LYTTON","46.683","-76.033","QC","-5.0","12",NA,"3.3","2","-16.7","11","33.7","3",NA,"57.4","3",NA,"","10","","",NA,"437.0","0.0","7034395"
"MANIWAKI UA","46.302","-76.006","QC","-5.3","0",NA,"7.2","0","-22.8","0","38.6","0",NA,"65.5","0",NA,"25.0","11","29.1","0",NA,"723.7","0.0","7034480"
"MANIWAKI 2","46.383","-75.983","QC","-5.6","0",NA,"2.8","0","-26.7","0","39.8","0",NA,"68.0","0",NA,"","10","","",NA,"731.8","0.0","7034481"
"MASSON","45.533","-75.417","QC","-4.4","0",NA,"5.6","0","-22.8","0","68.5","0",NA,"94.0","0",NA,"","14","","",NA,"692.9","0.0","7034635"
"MONTEBELLO (SEDBERGH)","45.700","-74.933","QC","-4.2","0","2.6","8.3","0","-19.4","0","104.6","0","176.0","152.9","0","155.0","46.0","14","","",NA,"687.2","0.0","7035110"
"MONTEBELLO SEIGNIORY","45.650","-74.950","QC","-4.2","0",NA,"7.2","0","-22.8","0","72.7","0",NA,"116.5","0",NA,"","15","","",NA,"687.5","0.0","7035112"
"MONT LAURIER","46.567","-75.550","QC","-5.9","0","3.2","6.1","0","-27.8","0","5.9","0","10.0","42.2","0","55.0","","4","","",NA,"741.9","0.0","7035160"
"MORIN HEIGHTS","45.917","-74.267","QC","",,NA,"",,"",,"109.1","0",NA,"146.4","0",NA,"","16","","",NA,"","","7035360"
"NOMININGUE","46.400","-75.083","QC","-6.4","1","2.5","8.3","0","-29.4","1","66.2","0","102.0","102.3","0","121.0","","12","","",NA,"732.2","0.0","7035520"
"NOTRE DAME DU LAUS","46.117","-75.633","QC","-6.6","7",NA,"7.2","4","-23.3","7","42.8","4",NA,"66.2","4",NA,"","11","","",NA,"591.1","0.0","7035680"
"OTTER LAKE","45.850","-76.433","QC","",,NA,"",,"",,"39.8","0",NA,"64.4","0",NA,"","13","","",NA,"","","7035760"
"PERKINS","45.600","-75.617","QC","",,NA,"",,"",,"96.8","0",NA,"117.6","0",NA,"","15","","",NA,"","","7036000"
"POINTE AU CHENE","45.650","-74.800","QC","-3.5","0","2.6","11.7","0","-22.2","0","57.2","0","130.0","75.7","0","95.0","","13","","",NA,"666.4","0.0","7036063"
"STE AGATHE DES MONTS","46.050","-74.283","QC","-6.3","0",NA,"7.2","0","-24.4","0","87.3","0",NA,"126.0","0",NA,"30.0","17","47.2","0",NA,"753.3","0.0","7036762"
"STE ANNE DU LAC","46.850","-75.333","QC","-7.0","0","3.0","6.7","0","-30.0","0","60.0","0","121.0","103.1","0","149.0","","14","","",NA,"774.8","0.0","7036855"
"ST EMILE DE SUFFOLK","45.950","-74.917","QC","-5.2","23",NA,"2.8","22","-18.9","21","16.0","20",NA,"13.5","21",NA,"","7","","",NA,"185.8","0.0","7037175"
"ST FAUSTIN","46.117","-74.483","QC","-6.0","0",NA,"7.8","0","-25.0","0","61.6","0",NA,"85.2","0",NA,"","6","","",NA,"743.0","0.0","7037230"
"ST HIPPOLYTE","45.983","-74.000","QC","-6.4","0","2.1","7.2","0","-24.4","0","86.2","0","119.0","124.0","0","119.0","","13","","",NA,"757.0","0.0","7037310"
"ST JEROME","45.800","-74.050","QC","-4.7","0","2.2","6.7","0","-21.1","0","44.6","0","108.0","76.9","0","115.0","","9","","",NA,"703.9","0.0","7037400"
"SHAWVILLE","45.617","-76.467","QC","-5.0","0","2.4","6.7","0","-22.8","0","38.9","0","81.0","69.9","0","104.0","","9","29.7","0","47.0","712.6","0.0","7038040"
"SHEENBORO","45.967","-77.250","QC","-4.3","0","3.1","5.6","0","-24.4","0","47.1","0","103.0","47.1","2",NA,"","6","","",NA,"691.6","0.0","7038080"
"TAPINI FARM","46.933","-75.133","QC","-6.6","10",NA,"7.8","9","-26.7","8","51.2","6",NA,"84.9","6",NA,"","7","","",NA,"516.4","0.0","7038350"
"THURSO","45.600","-75.267","QC","-3.8","0",NA,"5.6","0","-23.9","0","53.2","0",NA,"103.8","0",NA,"","13","","",NA,"674.7","0.0","7038500"
"VAL DES BOIS","45.900","-75.600","QC","-5.6","9",NA,"7.8","9","-23.9","9","70.5","0",NA,"145.7","0",NA,"","7","","",NA,"519.2","0.0","7038587"
"WAKEFIELD","45.600","-75.900","QC","-4.8","0",NA,"7.2","0","-18.9","0","81.2","0",NA,"105.6","0",NA,"","16","","",NA,"708.2","0.0","7038835"
"WALTHAM","45.917","-76.917","QC","",,NA,"",,"",,"48.7","0",NA,"60.4","0",NA,"","9","","",NA,"","","7038880"
"WRIGHT","46.067","-76.050","QC","-4.8","0","3.3","8.9","0","-26.1","0","82.0","0","168.0","114.0","0","170.0","","14","","",NA,"707.9","0.0","7038975"
"DUHAMEL","46.017","-75.083","QC","-5.5","0",NA,"7.8","0","-27.2","0","98.0","0",NA,"144.0","0",NA,"","18","","",NA,"728.4","0.0","703BBD2"
"BAIE-COMEAU A","49.133","-68.200","QC","-7.2","0","2.2","5.6","0","-18.9","0","53.0","0","72.0","85.6","0","109.0","20.0","13","","",NA,"779.7","0.0","7040440"
"BAIE ST PAUL","47.417","-70.500","QC","-7.0","10","0.6","7.8","9","-22.2","3","51.4","1",NA,"98.1","1",NA,"","5","","",NA,"524.4","0.0","7040446"
"BLANC SABLON","51.417","-57.200","QC","-5.2","8",NA,"6.1","8","-15.0","8","12.7","7",NA,"34.0","7",NA,"","3","38.8","3",NA,"534.5","0.0","7040811"
"BLANC SABLON","51.417","-57.217","QC","-6.2","0",NA,"6.1","0","-19.4","0","88.6","0",NA,"102.9","0",NA,"23.0","16","","",NA,"749.9","0.0","7040812"
"BARRIERE JALBERT","48.450","-70.700","QC","-8.9","0",NA,"8.9","0","-28.3","0","75.0","0",NA,"76.0","2",NA,"","16","","",NA,"834.6","0.0","7040MGJ"
"BAIE COMEAU","49.233","-68.183","QC","-7.1","0",NA,"6.1","0","-18.9","0","71.5","0",NA,"111.5","0",NA,"","16","87.5","0",NA,"778.2","0.0","7040MLR"
"BAIE JOHAN BEETZ","50.283","-62.800","QC","-6.9","0",NA,"5.6","0","-17.8","0","36.7","0",NA,"65.9","0",NA,"","6","","",NA,"773.1","0.0","7040MMN"
"CAP TOURMENTE","47.067","-70.783","QC","-4.5","2",NA,"10.0","2","-20.0","2","43.5","0",NA,"66.1","0",NA,"","8","","",NA,"653.7","0.0","7041177"
"CHUTE AUX OUTARDES","49.133","-68.383","QC","-7.6","0",NA,"4.4","0","-19.4","0","46.9","1",NA,"46.9","2",NA,"","9","","",NA,"792.3","0.0","7041530"
"CLARKE CITY","50.183","-66.633","QC","-7.3","3",NA,"5.0","2","-21.1","2","124.5","0",NA,"181.1","0",NA,"","15","","",NA,"708.1","0.0","7041710"
"FORESTVILLE","48.733","-69.083","QC","-7.5","0","2.1","6.7","0","-18.3","0","81.7","0","132.0","114.8","0","158.0","","12","73.4","0","91.0","791.0","0.0","7042378"
"FORET MONTMORENCY","47.317","-71.150","QC","-9.1","0","2.4","6.7","0","-26.1","0","110.9","0","86.0","194.7","0","133.0","","16","86.7","0","116.0","839.9","0.0","7042388"
"GAGNON A","51.950","-68.133","QC","-14.0","0",NA,"5.6","0","-28.9","0","51.3","0",NA,"70.6","0",NA,"","16","36.6","0",NA,"992.5","0.0","7042590"
"GETHSEMANIE","50.217","-60.667","QC","-6.0","0",NA,"5.6","0","-23.9","0","23.8","0",NA,"39.0","0",NA,"","10","","",NA,"744.6","0.0","7042724"
"GODBOUT","49.317","-67.617","QC","-7.7","0","1.2","8.9","0","-25.0","0","57.7","0","98.0","71.9","0","77.0","","8","","",NA,"797.4","0.0","7042749"
"GRANDES BERGERONNES","48.250","-69.517","QC","-6.4","3","1.6","7.8","2","-19.4","3","66.0","2",NA,"83.8","2",NA,"","9","70.0",".375",NA,"684.0","0.0","7042840"
"GRAND FONDS","47.750","-70.117","QC","-7.5","0",NA,"7.2","0","-23.3","0","83.3","0",NA,"94.0","0",NA,"","8","","",NA,"792.0","0.0","7042870"
"HARRINGTON HARBOUR","50.533","-59.500","QC","-6.9","0",NA,"6.1","0","-18.9","0","42.1","0",NA,"65.5","0",NA,"23.0","9","","",NA,"770.6","0.0","7043000"
"HAVRE ST PIERRE","50.250","-63.583","QC","-7.7","0",NA,"5.0","0","-20.6","0","72.2","0",NA,"93.5","0",NA,"","10","","",NA,"796.9","0.0","7043012"
"LABRIEVILLE B1","49.300","-69.550","QC","-10.0","1",NA,"8.9","0","-28.9","1","55.9","0",NA,"67.6","0",NA,"","13","","",NA,"839.1","0.0","7043540"
"LAKE EON","51.867","-63.283","QC","-14.8","0",NA,"4.4","0","-32.2","0","78.9","0",NA,"83.1","0",NA,"51.0","11","","",NA,"1016.9","0.0","7043740"
"LA MALBAIE","47.667","-70.150","QC","-6.8","4",NA,"7.2","2","-21.1","4","65.3","2",NA,"100.9","2",NA,"","9","","",NA,"670.7","0.0","7043960"
"LA TABATIERE","50.833","-58.967","QC","-8.4","0",NA,"5.0","0","-21.1","0","66.0","0",NA,"66.0","0",NA,"","7","","",NA,"817.4","0.0","7044168"
"LES EBOULEMENTS","47.500","-70.250","QC","-7.3","0",NA,"7.2","0","-21.1","0","53.8","0",NA,"85.6","0",NA,"","8","","",NA,"783.1","0.0","7044292"
"MANIC 2 LB1","49.300","-68.400","QC","-7.6","13",NA,"6.7","10","-24.4","12","41.6","10",NA,"94.4","10",NA,"","7","","",NA,"460.0","0.0","7044453"
"NATASHQUAN A","50.183","-61.817","QC","-8.1","0","1.0","5.0","0","-23.9","0","46.2","0","64.0","104.2","0","111.0","28.0","14","79.1","0","91.0","807.6","0.0","7045400"
"NOTRE DAME DES MONTS","47.667","-70.417","QC","-8.2","0",NA,"7.2","0","-25.0","0","83.5","0",NA,"114.5","0",NA,"","12","","",NA,"810.7","0.0","7045672"
"PETITE RIV ST FRANCOIS","47.317","-70.567","QC","-3.6","0","1.9","9.4","0","-15.6","0","45.0","0","69.0","84.3","0","100.0","","7","72.7","0","94.0","669.4","0.0","7046004"
"PETIT SAGUENAY","48.183","-70.050","QC","-8.3","0","1.5","8.3","0","-19.4","0","60.6","0","99.0","72.0","0","106.0","","8","","",NA,"813.9","0.0","7046010"
"POSTE MONTAGNAIS","51.883","-65.733","QC","-15.6","0",NA,"2.8","0","-37.8","0","55.1","0",NA,"55.1","0",NA,"","14","","",NA,"1040.1","0.0","7046212"
"RIVIERE ETERNITE","48.250","-70.400","QC","-10.2","9",NA,"10.6","0","-27.8","9","96.1","0",NA,"97.6","0",NA,"","16","","",NA,"620.8","0.0","7046619"
"RIVIERE ST AUGUSTIN","51.217","-58.633","QC","-6.5","0",NA,"6.1","0","-22.8","0","46.0","0",NA,"58.0","0",NA,"","6","","",NA,"760.8","0.0","7046663"
"STE ANNE DE BEAUPRE","47.033","-70.917","QC","-5.3","0",NA,"10.0","0","-20.6","0","42.2","0",NA,"80.8","0",NA,"","9","","",NA,"721.8","0.0","7046837"
"ST CASSIEN DES CAPS","47.367","-70.617","QC","-7.8","0",NA,"7.8","0","-26.1","0","93.2","0",NA,"148.3","0",NA,"","11","59.6","1",NA,"801.0","0.0","7046931"
"ST FEREOL","47.117","-70.833","QC","-7.2","5",NA,"2.2","4","-26.1","3","62.7","3",NA,"81.2","3",NA,"","8","","",NA,"656.1","0.0","7047250"
"ST FIDELE","47.733","-70.000","QC","-7.1","5",NA,"8.3","5","-20.0","5","88.8","5",NA,"119.5","5",NA,"","14","","",NA,"651.5","0.0","7047257"
"ST FIDELE 2","47.733","-69.983","QC","-7.0","0",NA,"8.3","0","-19.4","0","86.7","0",NA,"119.0","0",NA,"","12","","",NA,"775.1","0.0","7047258"
"ST JEAN (IO)","46.917","-70.917","QC","-5.0","0",NA,"9.4","0","-20.6","0","57.1","0",NA,"76.4","0",NA,"","11","","",NA,"712.9","0.0","7047396"
"STE ROSE DU NORD","48.400","-70.533","QC","-8.6","1","2.4","10.6","0","-26.7","1","42.8","0","49.0","42.8","0","44.0","","8","","",NA,"797.7","0.0","7047722"
"ST SIMEON","47.850","-69.867","QC","-6.7","0","1.2","8.9","0","-20.0","0","67.4","0","115.0","97.4","0","141.0","","10","","",NA,"767.1","0.0","7047735"
"ST TITE DES CAPS","47.150","-70.767","QC","-7.8","0",NA,"7.8","0","-26.1","0","42.0","0",NA,"86.5","0",NA,"","11","","",NA,"800.0","0.0","7047762"
"ST URBAIN","47.567","-70.550","QC","-6.8","2","1.4","6.1","2","-24.4","2","87.3","2",NA,"140.6","2",NA,"","11","","",NA,"719.5","0.0","7047770"
"SEPT-ILES A","50.217","-66.267","QC","-8.3","0","2.2","5.6","0","-21.7","0","133.9","0","154.0","160.3","0","161.0","74.0","16","","",NA,"815.3","0.0","7047910"
"SEPT-ILES UA","50.217","-66.250","QC","","",NA,"","","","","","",NA,"","",NA,"","","86.0","0",NA,"","","7047912"
"TADOUSSAC","48.150","-69.700","QC","-5.9","0",NA,"8.9","0","-17.8","0","75.4","0",NA,"95.5","0",NA,"","10","","",NA,"741.5","0.0","7048320"
"TETE A LA BALEINE","50.700","-59.317","QC","-8.2","0",NA,"5.6","0","-23.3","0","86.8","0",NA,"86.8","0",NA,"","10","","",NA,"811.4","0.0","7048421"
"ILE AUX COUDRES","47.383","-70.383","QC","-4.8","0","1.4","7.8","0","-15.6","0","50.8","0","94.0","85.3","0","127.0","","9","","",NA,"706.8","0.0","704CBGH"
"RIVIERE AU TONNERRE","50.283","-64.783","QC","-7.0","8","1.8","6.7","8","-26.1","8","45.8","0","80.0","63.4","0","72.0","","9","66.3","2.5",NA,"574.7","0.0","704FEG0"
"RIVIERE ST JEAN","50.300","-64.317","QC","-7.9","0",NA,"8.9","0","-26.1","0","36.1","0",NA,"50.3","0",NA,"","10","","",NA,"804.0","0.0","704FFF5"
"ST FRANCOIS IO","46.983","-70.833","QC","-5.0","1",NA,"8.9","1","-22.2","1","37.5","0",NA,"54.8","0",NA,"","10","65.7","0",NA,"690.7","0.0","704GBFF"
"ST HILARION","47.600","-70.400","QC","-7.6","0",NA,"5.0","0","-18.9","0","101.0","0",NA,"145.9","0",NA,"","13","","",NA,"794.2","0.0","704GC09"
"CAMP M-107","51.067","-67.483","QC","-10.6","0",NA,"5.6","0","-32.2","0","56.6","3",NA,"57.1","3",NA,"","11","60.2","0",NA,"885.9","0.0","704J01E"
"CAMP PROFOND","50.017","-67.383","QC","-6.3","8",NA,"6.7","8","-17.8","0","104.0","0",NA,"129.4","0",NA,"","12","","",NA,"558.7","0.0","704J0AF"
"ALBERTVILLE","48.300","-67.350","QC","-6.3","0",NA,"7.8","0","-16.7","0","91.3","0",NA,"117.4","0",NA,"","9","","",NA,"754.0","0.0","7050085"
"AMQUI","48.517","-67.450","QC","-8.1","0","2.0","8.3","0","-23.3","0","47.6","0","71.0","60.8","0","74.0","","13","","",NA,"809.3","0.0","7050140"
"ANSE AU GRIFFON","48.933","-64.283","QC","-3.9","0",NA,"9.4","0","-11.1","0","92.6","0",NA,"151.0","0",NA,"","15","","",NA,"679.4","0.0","7050195"
"ARMAGH STATION","46.717","-70.617","QC","-6.4","0",NA,"10.0","0","-22.8","0","54.1","0",NA,"57.8","0",NA,"","13","60.8","0",NA,"757.0","0.0","7050245"
"BARRAGE LAC MORIN","47.650","-69.517","QC","-7.8","0",NA,"10.0","0","-27.8","0","125.4","0",NA,"133.0","0",NA,"","20","","",NA,"799.1","0.0","7050455"
"BIC","48.400","-68.667","QC","",,NA,"10.0","0","",,"52.1","0",NA,"68.4","0",NA,"","10","","",NA,"","","7050762"
"BARRIERE MITIS","48.367","-67.933","QC","-8.2","0",NA,"9.4","0","-24.4","0","158.6","0",NA,"181.9","0",NA,"","20","","",NA,"811.7","0.0","7050MGC"
"CAP CHAT DELVAL","49.100","-66.700","QC","-4.7","0",NA,"12.8","0","-15.6","0","81.2","0",NA,"93.9","0",NA,"","12","","",NA,"704.4","0.0","7051041"
"CAP DES ROSIERS","48.850","-64.200","QC","-3.4","0","1.9","7.2","0","-12.8","0","86.1","0","148.0","151.7","0","163.0","","17","","",NA,"663.9","0.0","7051055"
"CAP MADELEINE","49.233","-65.317","QC","-4.1","0",NA,"12.2","0","-12.8","0","83.3","0",NA,"87.9","0",NA,"","9","","",NA,"684.1","0.0","7051160"
"CAP SEIZE","49.017","-66.400","QC","-7.4","0",NA,"11.1","0","-21.7","0","100.2","0",NA,"105.0","0",NA,"","19","39.2","0",NA,"788.9","0.0","7051175"
"CAUSAPSCAL","48.367","-67.233","QC","-8.4","0","1.0","8.9","0","-22.8","0","94.7","0","171.0","119.8","0","156.0","","16","","",NA,"819.3","0.0","7051200"
"FAREWELL COVE","48.867","-64.450","QC","-5.3","0",NA,"10.0","0","-19.4","0","101.4","0",NA,"125.3","0",NA,"","14","","",NA,"722.5","0.0","7052316"
"GRANDE RIVIERE","48.383","-64.533","QC","-4.2","0",NA,"7.8","0","-15.6","0","54.4","0",NA,"161.7","0",NA,"","16","","",NA,"689.5","0.0","7052820"
"GRANDE VALLEE","49.200","-65.150","QC","-4.7","0",NA,"11.7","0","-15.6","0","85.2","0",NA,"85.2","0",NA,"","10","","",NA,"704.9","0.0","7052865"
"GRINDSTONE ISLAND","47.383","-61.867","QC","-1.4","0",NA,"9.4","0","-8.3","0","42.9","0",NA,"74.5","0",NA,"20.0","11","43.1","0",NA,"601.3","0.0","7052960"
"HAVRE AUX MAISONS","47.417","-61.800","QC","-1.3","2",NA,"11.1","1","-7.8","2","0.0","5",NA,"53.1","5",NA,"","3","","",NA,"560.1","0.0","7053010"
"HONFLEUR","46.683","-70.850","QC","-6.8","0","1.6","8.3","0","-22.2","0","69.8","0","111.0","78.5","0","89.0","","12","","",NA,"769.7","0.0","7053140"
"KAMOURASKA","47.583","-69.850","QC","-6.5","8",NA,"3.3","7","-20.0","8","52.7","7",NA,"59.8","7",NA,"","7","","",NA,"562.5","0.0","7053380"
"LAC HUMQUI","48.283","-67.567","QC","-8.6","0","1.2","8.3","0","-20.6","0","116.3","0","141.0","130.8","0","118.0","","16","49.9","0","87.0","824.5","0.0","7053649"
"LAMARTINE","47.033","-70.350","QC","-5.3","0",NA,"10.0","0","-21.7","0","52.5","0",NA,"56.8","0",NA,"","6","","",NA,"723.8","0.0","7053980"
"LA POCATIERE CDA","47.350","-70.033","QC","-5.6","0",NA,"10.6","0","-22.2","0","70.8","0",NA,"80.1","0",NA,"36.0","9","95.0","0",NA,"731.8","0.0","7054095"
"LES FONDS","49.050","-66.683","QC","-5.0","6",NA,"12.2","6","-16.1","6","56.8","6",NA,"64.4","6",NA,"","11","","",NA,"574.4","0.0","7054296"
"LUCEVILLE","48.517","-68.367","QC","-5.8","0",NA,"11.7","0","-17.2","0","61.2","0",NA,"73.8","0",NA,"","10","","",NA,"738.1","0.0","7054355"
"MINE MADELEINE","48.983","-66.017","QC","-9.4","0",NA,"8.3","0","-20.6","0","153.8","0",NA,"153.8","0",NA,"","18","","",NA,"849.1","0.0","7054975"
"MONT-JOLI A","48.600","-68.217","QC","-6.3","0","1.0","10.6","0","-18.3","0","82.0","0","117.0","73.1","0","89.0","28.0","8","69.9","0","112.0","753.0","0.0","7055120"
"MONT LOGAN","48.900","-66.633","QC","-12.3","0",NA,"2.2","0","-23.3","0","187.9","0",NA,"213.0","0",NA,"","23","8.3","0",NA,"940.8","0.0","7055180"
"MONT LOUIS","49.233","-65.733","QC","-4.6","0",NA,"11.7","0","-15.6","0","71.0","0",NA,"74.8","0",NA,"","12","","",NA,"700.7","0.0","7055200"
"MONTMAGNY","46.967","-70.583","QC","-5.3","0","1.7","8.9","0","-18.3","0","50.2","0","92.0","67.4","0","91.0","","13","","",NA,"723.2","0.0","7055210"
"MURDOCHVILLE","48.950","-65.517","QC","-6.1","3",NA,"7.8","3","-17.8","2","94.3","3",NA,"104.7","3",NA,"","17","","",NA,"676.1","0.0","7055380"
"NEW CARLISLE","48.033","-65.267","QC","-4.2","0",NA,"8.3","0","-20.6","0","53.6","0",NA,"82.0","0",NA,"","11","","",NA,"687.8","0.0","7055420"
"NEW RICHMOND","48.167","-65.800","QC","-5.6","0",NA,"10.0","0","-24.4","0","63.7","0",NA,"81.0","0",NA,"","11","84.1","0",NA,"733.0","0.0","7055430"
"NOTRE DAME DU LAC","47.600","-68.800","QC","-7.5","0","1.5","8.9","0","-20.6","0","80.1","0","156.0","103.1","0","144.0","","13","42.1","0","70.0","789.2","0.0","7055675"
"NOTRE DAME DU ROSAIRE","46.833","-70.400","QC","-7.7","1",NA,"8.3","1","-27.8","1","93.4","1",NA,"97.7","1",NA,"","17","","",NA,"771.9","0.0","7055685"
"NOUVELLE","48.100","-66.300","QC","-6.4","0","1.0","7.2","0","-20.6","0","46.6","0","102.0","54.3","0","77.0","","11","","",NA,"757.3","0.0","7055705"
"OUIMET","48.317","-68.200","QC","-8.6","9",NA,"9.4","0","-23.3","9","123.7","0",NA,"144.0","0",NA,"","15","45.0","0",NA,"586.0","0.0","7055770"
"PARC METIS","48.633","-68.133","QC","-5.8","0",NA,"10.6","0","-17.8","0","90.0","0",NA,"124.6","0",NA,"","17","","",NA,"738.7","0.0","7055793"
"POINTE AU PERE","48.500","-68.483","QC","-5.3","0",NA,"11.7","0","-16.1","0","57.8","0",NA,"68.0","0",NA,"","9","","",NA,"721.4","0.0","7056067"
"PORT DANIEL","48.150","-64.983","QC","-4.6","0",NA,"8.3","0","-17.8","0","79.3","0",NA,"126.3","0",NA,"","13","","",NA,"699.6","0.0","7056120"
"PORT MENIER","49.850","-64.450","QC","-6.0","0",NA,"7.2","0","-22.2","0","101.8","0",NA,"101.7","0",NA,"79.0","12","","",NA,"743.1","0.0","7056201"
"PRICE","48.600","-68.133","QC","-6.5","0",NA,"11.1","0","-18.3","0","71.1","0",NA,"79.5","0",NA,"","13","","",NA,"758.9","0.0","7056240"
"RIMOUSKI","48.450","-68.517","QC","-5.1","0","1.5","11.1","0","-15.0","0","28.5","0","46.0","41.8","0","48.0","","11","46.7","0","90.0","717.5","0.0","7056480"
"RIVIERE AU RENARD","49.017","-64.400","QC","-4.1","0",NA,"10.0","0","-13.3","0","164.6","0",NA,"200.8","0",NA,"84.0","18","40.9","0",NA,"683.9","0.0","7056563"
"RIVIERE BLEUE","47.433","-69.033","QC","-9.0","0",NA,"8.3","0","-27.2","0","84.1","0",NA,"98.9","0",NA,"","15","","",NA,"837.7","0.0","7056600"
"RIVIERE DU LOUP","47.800","-69.550","QC","-6.8","0",NA,"8.9","0","-17.2","0","62.1","0",NA,"71.3","0",NA,"28.0","10","","",NA,"768.7","0.0","7056615"
"ST ALEXIS DE MATAPEDIA","47.983","-67.067","QC","","",NA,"","","","","","",NA,"","",NA,"","","28.0","10",NA,"","","7056814"
"STE ANNE DES MONTS","49.133","-66.467","QC","-4.9","0","1.9","12.8","0","-15.0","0","58.7","0","118.0","62.8","0","95.0","","13","","",NA,"708.6","0.0","7056850"
"ST ARSENE","47.950","-69.383","QC","-6.5","0","1.3","8.9","0","-17.2","0","0.0","15",NA,"6.9","15",NA,"","2","","",NA,"759.8","0.0","7056890"
"ST BRUNO KAMOURASKA","47.450","-69.783","QC","-7.1","0",NA,"7.2","0","-26.7","0","72.2","0",NA,"84.4","0",NA,"","13","","",NA,"779.1","0.0","7056922"
"ST CAMILLE","46.483","-70.217","QC","-7.1","0","2.0","7.8","0","-25.6","0","49.6","0","62.0","62.8","0","58.0","","10","","",NA,"777.5","0.0","7056930"
"ST CHARLES GARNIER","48.333","-68.050","QC","-7.9","0",NA,"8.9","0","-18.9","0","108.5","0",NA,"116.6","0",NA,"","17","","",NA,"802.3","0.0","7056970"
"ST CLEMENT","47.917","-69.100","QC","-9.0","0","0.8","8.3","0","-23.9","0","99.9","0","166.0","121.5","0","158.0","","13","","",NA,"836.0","0.0","7057024"
"ST DAMASE DES AULNAIES","47.200","-70.133","QC","-7.4","0",NA,"9.4","0","-26.1","0","66.3","0",NA,"73.7","0",NA,"","12","","",NA,"787.7","0.0","7057090"
"ST ELEUTHERE","47.483","-69.283","QC","-7.4","0",NA,"8.9","0","-21.1","0","82.8","0",NA,"113.8","0",NA,"","11","58.9","0",NA,"788.1","0.0","7057145"
"ST ELZEAR DE BONAVENTURE","48.183","-65.350","QC","-6.0","0",NA,"8.9","0","-18.9","0","44.4","0",NA,"77.4","0",NA,"","11","","",NA,"745.0","0.0","7057160"
"STE GERMAINE","46.417","-70.467","QC","-6.9","2","2.4","7.8","2","-20.6","2","",,NA,"",,NA,"","","56.6","0","108.0","721.1","0.0","7057287"
"ST GUY","48.050","-68.817","QC","-8.1","0","1.7","8.3","0","-21.7","0","98.9","0","116.0","119.9","0","118.0","","15","","",NA,"809.8","0.0","7057304"
"ST JEAN DE CHERBOURG","48.883","-67.117","QC","-7.1","0","2.3","8.9","0","-23.3","0","87.7","0","92.0","94.8","0","88.0","","9","","",NA,"778.1","0.0","7057395"
"STE LUCIE","46.733","-70.017","QC","-7.2","0","2.1","7.2","0","-33.9","0","55.8","0","67.0","67.2","0","61.0","","13","","",NA,"782.2","0.0","7057515"
"ST MALACHIE","46.550","-70.817","QC","-7.0","0",NA,"10.0","0","-23.9","0","42.4","0",NA,"44.7","0",NA,"","7","","",NA,"775.0","0.0","7057518"
"ST MODESTE","47.850","-69.383","QC","-6.9","0",NA,"9.4","0","-20.6","0","81.5","0",NA,"90.4","0",NA,"","16","","",NA,"772.4","0.0","7057574"
"ST PAMPHILE","46.967","-69.783","QC","-7.4","0","1.9","8.3","0","-19.4","0","34.2","0","70.0","43.1","0","62.0","","9","","",NA,"786.8","0.0","7057600"
"ST PASCAL","47.533","-69.817","QC","-6.5","1",NA,"10.0","0","-20.6","1","64.8","0",NA,"74.9","0",NA,"","8","","",NA,"734.6","0.0","7057625"
"STE PERPETUE","47.050","-69.933","QC","-7.7","0",NA,"7.2","0","-18.9","0","73.4","0",NA,"85.7","0",NA,"","12","","",NA,"796.7","0.0","7057650"
"ST RAPHAEL","46.817","-70.750","QC","-5.5","0",NA,"11.1","0","-20.6","0","56.3","0",NA,"66.4","0",NA,"","13","","",NA,"729.7","0.0","7057680"
"ST RENE DE MATANE","48.683","-67.383","QC","-8.4","0",NA,"9.4","0","-23.3","0","110.2","0",NA,"125.7","0",NA,"","16","","",NA,"819.0","0.0","7057692"
"STE ROSE DU DEGELIS","47.567","-68.633","QC","-8.6","3","0.1","10.0","3","-26.1","1","69.6","0","145.0","85.6","0","123.0","","11","","",NA,"745.3","0.0","7057720"
"SQUATECK","47.883","-68.700","QC","-8.6","0",NA,"8.9","0","-25.6","0","76.9","0",NA,"92.6","0",NA,"","14","","",NA,"824.0","0.0","7058220"
"TRINITE DES MONTS","48.133","-68.483","QC","-8.4","0","1.1","9.4","0","-21.7","0","79.1","0","112.0","92.1","0","105.0","","10","","",NA,"819.0","0.0","7058520"
"TROIS PISTOLES","48.150","-69.117","QC","-5.5","0","1.8","10.6","0","-18.9","0","76.8","0","118.0","83.9","0","106.0","","12","","",NA,"728.3","0.0","7058560"
"VAL D ESPOIR","48.517","-64.383","QC","-5.7","0",NA,"9.4","0","-17.8","0","69.3","0",NA,"129.3","0",NA,"","10","","",NA,"733.7","0.0","7058590"
"ST PACOME","47.383","-69.950","QC","-6.3","0",NA,"10.0","0","-22.8","0","62.6","0",NA,"73.1","0",NA,"","9","","",NA,"753.3","0.0","705GE9G"
"FONTENELLE","48.933","-64.650","QC","-6.4","0",NA,"8.9","0","-22.2","0","127.4","0",NA,"144.9","0",NA,"","19","","",NA,"757.5","0.0","705KL75"
"AIGREMONT","49.300","-73.850","QC","-11.4","2",NA,"4.4","2","-30.0","2","35.5","0",NA,"52.1","0",NA,"","10","","",NA,"853.8","0.0","7060070"
"ALBANEL","48.883","-72.450","QC","-9.4","0",NA,"6.1","0","-23.9","0","40.3","0",NA,"62.4","0",NA,"","11","82.7","0",NA,"849.5","0.0","7060080"
"ARVIDA","48.433","-71.167","QC","-8.0","0",NA,"10.0","0","-25.0","0","61.8","0",NA,"63.1","0",NA,"","10","","",NA,"804.5","0.0","7060320"
"BAGOTVILLE A","48.333","-71.000","QC","-9.0","0","1.4","9.4","0","-28.3","0","71.8","0","98.0","52.3","0","75.0","51.0","10","","",NA,"836.1","0.0","7060400"
"BARRIERE SUD LA DORE","48.817","-72.733","QC","-9.6","8",NA,"6.1","7","-26.1","8","22.8","19",NA,"22.8","19",NA,"","4","","",NA,"635.2","0.0","706047H"
"BONNARD","50.733","-71.050","QC","-12.8","0","3.2","5.6","0","-30.0","0","42.5","0","70.0","53.2","0","85.0","","17","","",NA,"955.4","0.0","7060825"
"CHEMIN CHUTE DES PASSES","49.417","-71.400","QC","-11.1","9",NA,"6.1","9","-27.2","8","33.9","9",NA,"79.4","9",NA,"","7","","",NA,"639.4","0.0","7061372"
"CHICOUTIMI","48.417","-71.083","QC","-7.4","0",NA,"8.3","0","-23.9","0","80.4","0",NA,"81.7","0",NA,"","12","","",NA,"787.8","0.0","7061440"
"CHUTE A LA SAVANE","48.783","-71.850","QC","-9.2","0",NA,"8.3","0","-29.4","0","38.3","0",NA,"47.7","0",NA,"","11","","",NA,"844.4","0.0","7061475"
"CHUTE-DES-PASSES","49.840","-71.168","QC","-9.7","0",NA,"5.0","0","-25.6","0","31.9","0",NA,"70.6","0",NA,"","12","","",NA,"859.5","0.0","7061541"
"CHUTE DU DIABLE","48.750","-71.700","QC","-8.9","0",NA,"7.2","0","-30.6","0","41.1","0",NA,"75.3","0",NA,"","12","","",NA,"834.8","0.0","7061560"
"FERLAND","48.200","-70.833","QC","-9.5","0",NA,"11.1","0","-30.0","0","51.7","2",NA,"53.0","2",NA,"","13","","",NA,"853.6","0.0","7062368"
"HEMON","49.067","-72.600","QC","-11.2","0","2.5","5.0","0","-31.1","0","39.0","0","59.0","70.7","0","95.0","","7","","",NA,"905.1","0.0","7063090"
"ISLE MALIGNE","48.583","-71.633","QC","-8.6","0",NA,"10.6","0","-26.1","0","55.3","0",NA,"61.4","0",NA,"","9","","",NA,"823.2","0.0","7063320"
"JONQUIERE","48.421","-71.148","QC","-9.3","0",NA,"9.4","0","-27.8","0","54.8","7",NA,"54.8","7",NA,"","8","","",NA,"846.2","0.0","7063370"
"LAC BOUCHETTE","48.217","-72.167","QC","-10.4","0","0.8","6.7","0","-31.1","0","60.3","0","87.0","81.6","0","98.0","","11","","",NA,"880.0","0.0","7063560"
"LAC DES COMMISSAIRES","48.183","-72.250","QC","-10.1","0",NA,"7.8","0","-33.3","0","83.6","0",NA,"110.6","0",NA,"","14","","",NA,"872.0","0.0","7063610"
"LAC STE CROIX","48.417","-71.750","QC","-9.4","0","1.3","9.4","0","-27.2","0","91.6","0","144.0","98.5","0","132.0","","11","53.4","0","111.0","848.4","0.0","7063690"
"LATERRIERE","48.300","-71.133","QC","-9.2","1",NA,"11.1","1","-29.4","1","71.4","0",NA,"71.4","0",NA,"","15","","",NA,"816.2","0.0","7064180"
"MESY","48.267","-71.683","QC","",,NA,"",,"-32.8","0","102.9","0",NA,"110.6","0",NA,"","18","","",NA,"","","7064890"
"MISTASSIBI","49.317","-72.033","QC","-10.8","0",NA,"7.2","0","-30.0","0","33.4","0",NA,"89.3","0",NA,"","12","","",NA,"892.8","0.0","7064993"
"MISTASSINI","48.850","-72.200","QC","-9.8","3",NA,"6.7","3","-25.6","2","52.8","0",NA,"69.1","0",NA,"","10","","",NA,"778.5","0.0","7064998"
"MONT APICA","47.967","-71.417","QC","-9.1","0",NA,"7.8","0","-26.1","0","106.3","0",NA,"117.4","0",NA,"","22","","",NA,"839.9","0.0","7065100"
"NORMANDIN CDA","48.850","-72.533","QC","-10.4","0",NA,"4.4","0","-28.3","0","50.5","0",NA,"70.9","0",NA,"20.0","12","78.3","0",NA,"881.2","0.0","7065640"
"PERIBONCA","48.767","-72.033","QC","-9.5","0",NA,"7.2","0","-30.6","0","35.9","0",NA,"48.6","0",NA,"33.0","9","72.2","0",NA,"853.8","0.0","7065960"
"PORTAGE DES ROCHES","48.300","-71.217","QC","-9.4","0",NA,"11.1","0","-28.3","0","92.3","0",NA,"92.9","0",NA,"","14","","",NA,"850.6","0.0","7066080"
"ROBERVAL A","48.517","-72.267","QC","-8.6","0","2.3","8.9","0","-22.8","0","79.3","0","139.0","79.7","0","125.0","33.0","8","","",NA,"824.1","0.0","7066685"
"ST AMBROISE","48.567","-71.333","QC","",,"","7.8","2","",,"69.5","0","105.0","80.7","0","105.0","","12","","",NA,"","","7066820"
"ST COEUR DE MARIE","48.633","-71.717","QC","-9.1","0",NA,"9.4","0","-31.1","0","33.1","0",NA,"35.6","0",NA,"","12","74.7",".375",NA,"841.4","0.0","7067060"
"ST LEON DE LABRECQUE","48.667","-71.517","QC","-10.7","0",NA,"7.2","0","-35.0","0","60.5","0",NA,"74.7","0",NA,"","10","","",NA,"890.3","0.0","7067460"
"SHIPSHAW","48.450","-71.217","QC","-8.0","0",NA,"8.9","0","-27.8","0","38.3","0",NA,"44.1","0",NA,"","10","","",NA,"806.3","0.0","7068160"
"BGE C LAC CHATEAUVERT","47.767","-73.900","QC","",,NA,"",,"",,"69.5","0",NA,"84.0","0",NA,"","14","","",NA,"","","7070451"
"BARRAGE GOUIN","48.350","-74.100","QC","-10.0","1",NA,"5.6","1","-27.8","1","71.0","0",NA,"88.8","0",NA,"","12","","",NA,"840.6","0.0","7070454"
"BARRAGE MATTAWIN","46.850","-73.650","QC","-7.9","0",NA,"7.2","0","-30.6","0","56.4","0",NA,"74.0","0",NA,"","14","","",NA,"802.5","0.0","7070456"
"LAC INMAN","46.983","-73.183","QC","-8.3","0",NA,"6.7","0","-31.1","0","65.4","0",NA,"100.4","0",NA,"","11","","",NA,"816.5","0.0","7073652"
"LA TUQUE","47.400","-72.783","QC","-6.7","0","3.1","7.2","0","-26.1","0","68.8","0","159.0","91.9","0","174.0","","12","","",NA,"766.3","0.0","7074240"
"PARENT","47.922","-74.624","QC","-9.2","0",NA,"5.6","0","-30.0","0","50.8","0",NA,"54.5","0",NA,"23.0","9","56.7","0",NA,"842.4","0.0","7075800"
"RAPIDE BLANC","47.800","-72.967","QC","","",NA,"","","","","","",NA,"","",NA,"","","0.0","30.9583333333333333333333333333333333333",NA,"","","7076360"
"ST MICHEL DES SAINTS","46.683","-73.917","QC","-7.1","2","2.7","6.7","2","-28.9","2","51.0","0","100.0","68.3","0","110.0","","12","49.2",".375",NA,"729.1","0.0","7077570"
"BARRAGE ANGLIERS","47.552","-79.236","QC","-7.0","0","3.3","1.7","0","-21.1","0","69.7","0","111.0","69.7","0","97.0","","11","","",NA,"776.2","0.0","7080452"
"BARRAGE TEMISCAMINGUE","46.710","-79.101","QC","-4.9","0",NA,"2.8","0","-18.9","0","49.0","0",NA,"53.9","0",NA,"","15","42.8","0",NA,"710.9","0.0","7080468"
"BELLETERRE","47.383","-78.700","QC","-7.9","0","3.2","1.7","0","-28.3","0","80.4","0","127.0","80.4","0","108.0","","16","","",NA,"802.0","0.0","7080600"
"GRAND LAC VICTORIA","47.833","-77.367","QC","",,NA,"",,"",,"56.1","0",NA,"56.1","0",NA,"","13","","",NA,"","","7082880"
"KIPAWA LANIEL","47.050","-79.267","QC","-6.8","0",NA,"3.3","0","-24.4","0","69.7","0",NA,"70.2","0",NA,"","16","","",NA,"768.0","0.0","7083480"
"LE DOMAINE","47.033","-76.533","QC","-8.6","8",NA,"3.9","8","-30.6","8","0.3","9",NA,"12.2","9",NA,"","2","","",NA,"612.1","0.0","7084276"
"MANNEVILLE","48.550","-78.483","QC","-10.7","0",NA,"1.1","0","-31.7","0","57.4","0",NA,"57.4","0",NA,"","17","41.8",".41666666666666666666666666666666666667",NA,"891.2","0.0","7084560"
"MONTBEILLARD","48.050","-79.267","QC","-10.0","0",NA,"1.7","0","-30.6","0","57.9","0",NA,"58.7","0",NA,"","12","","",NA,"868.2","0.0","7085102"
"REMIGNY","47.717","-79.233","QC","-9.2","0","1.9","2.2","0","-34.4","0","48.2","0","100.0","48.2","0","80.0","","12","","",NA,"844.6","0.0","7086460"
"RIVIERE KINOJEVIS","48.217","-78.867","QC","",,NA,"",,"-28.9","0","98.4","0",NA,"98.4","0",NA,"","15","","",NA,"","","7086630"
"VILLE MARIE","47.350","-79.433","QC","-7.9","0","1.7","3.3","0","-26.7","0","66.4","0","173.0","66.4","0","132.0","","15","74.3","0","130.0","802.0","0.0","7088760"
"LATULIPE","47.433","-79.017","QC","-8.6","0",NA,"2.8","0","-30.0","0","70.3","0",NA,"70.3","0",NA,"","12","","",NA,"824.0","0.0","708DBCE"
"ROUYN MCWATTERS","48.217","-78.867","QC","-10.2","0",NA,"3.3","0","-28.9","0","60.5","0",NA,"60.5","0",NA,"","7","","",NA,"873.0","0.0","708FGB0"
"AMOS","48.567","-78.133","QC","-9.9","0","2.5","0.6","0","-28.9","0","45.2","0","88.0","46.0","0","79.0","46.0","11","56.6","0","108.0","865.2","0.0","7090120"
"CHAPAIS 2","49.783","-74.850","QC","-11.9","0","1.7","1.7","0","-26.1","0","60.9","0","104.0","60.9","0","96.0","","12","","",NA,"926.5","0.0","7091305"
"CHIBOUGAMAU","49.917","-74.367","QC","-12.6","0",NA,"1.1","0","-28.9","0","53.8","0",NA,"53.8","0",NA,"","14","","",NA,"949.5","0.0","7091400"
"CHIBOUGAMAU A","49.817","-74.417","QC","-12.3","0",NA,"1.1","0","-28.9","0","68.9","0",NA,"67.0","0",NA,"36.0","16","68.4","0",NA,"939.6","0.0","7091401"
"EASTMAIN","52.250","-78.517","QC","",,NA,"",,"",,"45.5","0",NA,"45.5","0",NA,"","14","12.9","8.33333333333333333333333333333333333333",NA,"","","7092305"
"JOUTEL","49.467","-78.300","QC","-10.2","0","4.0","3.3","0","-28.9","0","80.4","0","154.0","80.4","0","143.0","","11","","",NA,"873.5","0.0","7093376"
"LA MORANDIERE","48.617","-77.617","QC","-10.3","0",NA,"1.1","0","-26.1","0","89.3","0",NA,"91.9","0",NA,"","19","","",NA,"877.2","0.0","7094026"
"LA SARRE","48.783","-79.217","QC","-10.0","0",NA,"2.8","0","-26.7","0","44.6","0",NA,"44.6","0",NA,"","10","","",NA,"866.5","0.0","7094120"
"MATAGAMI A","49.767","-77.817","QC","-12.4","0",NA,"0.6","0","-30.6","0","63.4","0",NA,"59.8","0",NA,"38.0","14","73.4","0",NA,"941.9","0.0","7094639"
"NITCHEQUON","53.200","-70.900","QC","-16.5","0",NA,"-2.2","0","-31.7","0","55.1","0",NA,"54.9","0",NA,"71.0","18","35.0","0",NA,"1070.0","0.0","7095480"
"NOUVEAU COMPTOIR","53.000","-78.817","QC","-12.4","0",NA,"0.0","0","-30.0","0","9.5","0",NA,"9.5","0",NA,"","4","","",NA,"943.0","0.0","7095700"
"POULARIES","48.683","-78.983","QC","-10.0","0",NA,"1.7","0","-26.7","0","56.6","0",NA,"56.6","0",NA,"","12","76.6","0",NA,"867.4","0.0","7096215"
"SENNETERRE","48.333","-77.267","QC","-10.6","0",NA,"2.8","0","-35.6","0","78.7","0",NA,"78.7","0",NA,"","16","40.0","0",NA,"886.4","0.0","7097900"
"SENNETERRE (RADAR)","48.367","-77.233","QC","",,NA,"",,"",,"60.9","0",NA,"60.9","0",NA,"","11","","",NA,"","","7097906"
"TASCHEREAU","48.667","-78.700","QC","-10.6","1",NA,"0.6","1","-31.7","1","76.0","0",NA,"76.0","0",NA,"","13","","",NA,"858.2","0.0","7098360"
"VAL-D'OR A","48.056","-77.787","QC","-9.5","0",NA,"2.2","0","-27.2","0","65.6","0",NA,"58.3","0",NA,"58.0","13","70.6","0",NA,"854.0","0.0","7098600"
"VAL ST GILLES","48.983","-79.133","QC","-11.4","0",NA,"1.1","0","-31.7","0","50.4","0",NA,"50.4","0",NA,"","13","","",NA,"910.7","0.0","70986RN"
"LAC BERRY","48.800","-78.283","QC","",,"","",,"",,"46.4","0","103.0","46.4","0","91.0","","12","","",NA,"","","709CEE9"
"LAC ATTILA","53.567","-77.617","QC","-11.4","17",NA,"-1.7","17","-26.1","17","18.4","17",NA,"18.4","17",NA,"","8","","",NA,"411.2","0.0","709CNN6"
"INUKJUAK UA","58.467","-78.083","QC","-16.6","0",NA,"-5.6","0","-30.6","0","34.4","0",NA,"34.4","0",NA,"48.0","8","40.0","0",NA,"1071.6","0.0","7103282"
"KUUJJUARAPIK A","55.283","-77.750","QC","-13.8","0","1.2","-2.8","0","-26.7","0","30.6","0","64.0","30.1","0","65.0","25.0","11","23.6","0","59.0","984.6","0.0","7103536"
"BORDER A","55.333","-63.217","QC","-17.3","0",NA,"-1.1","0","-37.2","0","58.1","0",NA,"57.8","0",NA,"58.0","11","56.9",".33333333333333333333333333333333333333",NA,"1095.2","0.0","7110830"
"KUUJJUAQ A","58.100","-68.417","QC","-17.5","0","0.8","-3.3","0","-31.1","0","39.6","0","109.0","20.6","0","57.0","43.0","8","30.8","0",NA,"1099.8","0.0","7113534"
"QUAQTAQ","61.050","-69.633","QC","-18.5","0",NA,"-8.9","0","-30.0","0","6.8","0",NA,"4.1","0",NA,"28.0","2","27.4","0",NA,"1132.3","0.0","7116270"
"SCHEFFERVILLE A","54.800","-66.817","QC","-17.8","0",NA,"-3.9","0","-33.9","0","59.5","0",NA,"70.4","0",NA,"64.0","15","36.0","0",NA,"1110.3","0.0","7117825"
"ACADIA FOREST EXP ST","45.983","-66.367","NB","-5.4","0","0.5","10.6","0","-22.2","0","11.8","0","25.0","85.9","0","85.0","","8","","",NA,"725.6","0.0","8100100"
"ALMA","45.600","-64.950","NB","-2.5","0","0.8","12.8","0","-13.9","0","13.4","0","24.0","124.0","0","85.0","","8","","",NA,"635.5","0.0","8100200"
"AROOSTOOK","46.800","-67.717","NB","-7.2","0","0.4","11.1","0","-23.9","0","43.1","0","80.0","72.4","0","81.0","20.0","12","","",NA,"781.4","0.0","8100300"
"ARTHURETTE BIRCH RIDGE","46.750","-67.467","NB","-6.7","0",NA,"11.7","0","-22.2","0","33.0","0",NA,"66.5","0",NA,"","7","","",NA,"764.9","0.0","8100350"
"BATHURST","47.617","-65.650","NB","-5.6","0",NA,"10.0","0","-17.8","0","63.6","0",NA,"129.2","0",NA,"","12","","",NA,"731.5","0.0","8100502"
"BEECHWOOD","46.533","-67.667","NB","-6.3","0","1.2","10.0","0","-21.7","0","26.7","0","69.0","46.8","0","57.0","","9","","",NA,"752.3","0.0","8100512"
"BELLEDUNE","47.900","-65.833","NB","-4.9","0",NA,"10.0","0","-14.4","0","68.5","0",NA,"105.4","0",NA,"","10","","",NA,"708.9","0.0","8100514"
"BON ACCORD","46.651","-67.584","NB","-7.1","0","0.8","10.0","0","-21.7","0","54.1","0","89.0","61.7","0","71.0","51.0","10","","",NA,"777.9","0.0","8100566"
"BRUNSWICK MINES","47.483","-65.883","NB","-6.2","0",NA,"9.4","0","-22.2","0","48.9","0",NA,"91.4","0",NA,"","9","","",NA,"751.3","0.0","8100583"
"BUCTOUCHE","46.517","-64.717","NB","-3.4","0","1.6","11.1","0","-16.7","0","39.7","0","70.0","117.9","0","117.0","","11","","",NA,"664.9","0.0","8100590"
"BURNT CHURCH","47.233","-65.133","NB","-4.8","0",NA,"8.9","0","-20.0","0","19.5","0",NA,"160.0","0",NA,"","10","","",NA,"705.4","0.0","8100601"
"CAMPBELLTON POWER ST","48.000","-66.683","NB","-4.9","22",NA,"5.6","18","-18.9","17","82.4","6",NA,"91.3","6",NA,"61.0","9","","",NA,"206.1","0.0","8100701"
"CANTERBURY","45.883","-67.467","NB","-5.9","3",NA,"10.6","2","-23.9","3","17.2","0",NA,"79.3","0",NA,"","10","","",NA,"669.9","0.0","8100775"
"CAP PELE","46.183","-64.233","NB","-2.8","0",NA,"14.4","0","-16.7","0","25.6","0",NA,"78.4","0",NA,"","8","","",NA,"646.0","0.0","8100779"
"CENTREVILLE","46.383","-67.700","NB","-6.6","0",NA,"10.0","0","-23.9","0","22.9","0",NA,"42.5","0",NA,"","8","","",NA,"761.4","0.0","8100850"
"CHARLO A","47.983","-66.333","NB","-7.0","0","1.0","5.6","0","-20.6","0","124.8","0","196.0","115.1","0","145.0","48.0","14","87.7","0","89.0","774.5","0.0","8100880"
"MIRAMICHI A","47.009","-65.468","NB","-5.5","0","0.7","10.0","0","-19.4","0","30.3","0","61.0","131.6","0","154.0","13.0","9","77.6","0","76.0","729.0","0.0","8101000"
"CHATHAM NBEPC","47.050","-65.467","NB","",,NA,"",,"",,"35.4","0",NA,"119.0","0",NA,"","10","","",NA,"","","8101020"
"COLESON COVE","45.150","-66.200","NB","-0.9","0","1.5","12.2","0","-11.7","0","3.3","0","13.0","115.5","0","106.0","0.0","7","","",NA,"585.1","0.0","8101151"
"DAWSON SETTLEMENT","45.933","-64.783","NB","-3.9","2",NA,"12.8","2","-16.7","1","45.4","0",NA,"136.2","0",NA,"15.0","14","","",NA,"635.3","0.0","8101178"
"DOAKTOWN","46.550","-66.150","NB","-6.4","0","-0.1","11.1","0","-22.2","0","27.9","0","52.0","108.7","0","112.0","","6","","",NA,"757.7","0.0","8101200"
"EAST CANAAN","46.067","-65.367","NB","-5.8","0",NA,"12.2","0","-25.0","0","38.4","0",NA,"126.1","0",NA,"","9","","",NA,"736.9","0.0","8101280"
"EDMUNDSTON FRASER CO","47.367","-68.333","NB","-6.9","0",NA,"9.4","0","-22.8","0","59.0","0",NA,"72.5","0",NA,"","11","","",NA,"773.1","0.0","8101301"
"FREDERICTON A","45.867","-66.533","NB","-4.8","0","0.9","12.8","0","-17.8","0","17.6","0","35.0","80.1","0","84.0","8.0","8","","",NA,"705.9","0.0","8101500"
"FREDERICTON CDA","45.917","-66.617","NB","-4.2","0","1.1","11.1","0","-18.9","0","15.0","0","36.0","70.6","0","77.0","5.0","9","82.4","0","81.0","689.3","0.0","8101600"
"GAGETOWN 2","45.783","-66.150","NB","-3.3","0","1.1","12.2","0","-15.6","0","13.2","0","32.0","97.8","0","99.0","8.0","8","","",NA,"660.3","0.0","8101800"
"GRAND FALLS DRUMMOND","47.033","-67.700","NB","-7.5","0",NA,"10.0","0","-23.3","0","48.2","0",NA,"62.3","0",NA,"","12","","",NA,"791.6","0.0","8101904"
"HAMTOWN CORNER","46.117","-66.783","NB","",,NA,"",,"",,"16.4","0",NA,"83.6","0",NA,"10.0","8","","",NA,"","","8102110"
"HARVEY STATION","45.733","-67.000","NB","-3.8","0",NA,"11.7","0","-16.1","0","7.6","0",NA,"70.0","0",NA,"","8","","",NA,"677.0","0.0","8102200"
"KEDGWICK","47.650","-67.350","NB","-9.5","0",NA,"8.9","0","-28.9","0","61.0","0",NA,"73.2","0",NA,"","7","","",NA,"853.4","0.0","8102300"
"KESWICK RIDGE MACTAQUAC","45.967","-66.867","NB","-3.7","0",NA,"13.3","0","-15.6","0","15.2","0",NA,"68.8","0",NA,"","8","","",NA,"671.6","0.0","8102312"
"KINGSLEY IHD","46.067","-66.733","NB","",,NA,"",,"",,"15.2","0",NA,"83.3","0",NA,"25.0","9","","",NA,"","","8102316"
"KOUCHIBOUGUAC","46.767","-65.000","NB","-2.9","6",NA,"10.0","2","-13.9","4","50.8","0",NA,"173.8","0",NA,"","11","","",NA,"522.2","0.0","8102325"
"LITTLE RIVER MINE","47.283","-66.067","NB","-7.3","2",NA,"12.2","1","-18.3","1","68.5","0",NA,"101.3","0",NA,"","9","","",NA,"732.8","0.0","8102350"
"MAPLETON","46.183","-67.233","NB","-5.7","0","1.4","11.1","0","-22.2","0","12.7","0","28.0","53.3","0","59.0","","5","","",NA,"735.4","0.0","8102566"
"MCADAM","45.583","-67.333","NB","-4.6","0",NA,"11.7","0","-17.8","0","7.6","0",NA,"33.2","0",NA,"","4","","",NA,"699.4","0.0","8102600"
"MCGIVNEY","46.367","-66.567","NB","-6.2","4",NA,"10.0","2","-22.8","3","25.1","0",NA,"120.1","0",NA,"","8","","",NA,"654.1","0.0","8102800"
"MCGRAW BROOK","46.817","-66.117","NB","-6.5","0",NA,"10.6","0","-22.2","0","49.4","0",NA,"106.6","0",NA,"","10","","",NA,"760.9","0.0","8102808"
"MILLTOWN","45.167","-67.300","NB","-3.0","0",NA,"13.3","0","-17.2","0","14.0","0",NA,"103.9","0",NA,"","10","","",NA,"650.6","0.0","8102975"
"MINTO","46.033","-66.033","NB","-3.8","0",NA,"11.1","0","-16.7","0","7.6","0",NA,"120.6","0",NA,"","6","","",NA,"677.3","0.0","8103000"
"MISCOU ISLAND (AUT)","48.017","-64.500","NB","-3.6","0",NA,"7.8","0","-12.8","0","50.6","0",NA,"130.6","0",NA,"33.0","11","","",NA,"670.3","0.0","8103050"
"MONCTON","46.101","-64.790","NB","-2.7","3","1.6","12.8","2","-17.8","2","31.1","0","61.0","97.8","0","98.0","","11","","",NA,"579.2","0.0","8103100"
"MONCTON A","46.104","-64.688","NB","-4.0","0","0.8","12.8","0","-16.1","0","51.8","0","83.0","116.6","0","102.0","13.0","14","62.2","0","62.0","682.6","0.0","8103200"
"MOUNT CARLETON","47.417","-66.933","NB","-7.4","3","1.7","11.1","3","-26.7","3","59.7","0","96.0","71.0","0","78.0","","7","","",NA,"710.9","0.0","8103256"
"MUSQUASH","45.200","-66.333","NB","-5.5","4",NA,"12.8","0","-20.6","4","0.0","0",NA,"105.1","0",NA,"","5","","",NA,"633.8","0.0","8103400"
"NEPISIGUIT FALLS","47.400","-65.783","NB","-6.4","0","0.8","10.0","0","-21.1","0","38.1","0","69.0","70.4","0","81.0","","9","","",NA,"755.1","0.0","8103500"
"NINE MILE BRK (CAMP 68)","47.683","-68.117","NB","-8.2","0",NA,"9.4","0","-20.6","0","101.5","0",NA,"109.9","0",NA,"","14","","",NA,"813.0","0.0","8103706"
"OROMOCTO","45.833","-66.467","NB","-4.5","0",NA,"12.8","0","-18.3","0","8.9","0",NA,"83.5","0",NA,"","7","","",NA,"698.8","0.0","8103800"
"PENNFIELD","45.100","-66.733","NB","",,"","",,"",,"9.3","0","27.0","112.8","0","85.0","","9","","",NA,"","","8103845"
"PLEASANT MOUNTAIN","45.450","-66.833","NB","-4.7","0",NA,"12.2","0","-16.1","0","26.7","0",NA,"92.8","0",NA,"","8","","",NA,"703.5","0.0","8104010"
"RAPIDS DEPOT","47.817","-67.750","NB","-6.9","0",NA,"8.3","0","-24.4","0","80.2","0",NA,"94.7","0",NA,"","10","","",NA,"773.1","0.0","8104284"
"RENOUS","46.800","-65.800","NB","-6.1","0",NA,"10.6","0","-21.7","0","22.9","0",NA,"123.3","0",NA,"","7","","",NA,"748.0","0.0","8104300"
"REXTON","46.667","-64.867","NB","-3.9","0","1.0","11.1","0","-18.9","0","30.3","0","69.0","119.4","0","135.0","0.0","11","","",NA,"679.1","0.0","8104400"
"ROGERSVILLE","46.767","-65.450","NB","-5.4","0",NA,"10.6","0","-22.2","0","46.7","0",NA,"161.7","0",NA,"","10","","",NA,"726.8","0.0","8104465"
"ROYAL ROAD","46.050","-66.717","NB","-5.9","0",NA,"10.6","0","-20.0","0","13.4","0",NA,"68.6","0",NA,"","8","81.8","0",NA,"741.7","0.0","8104480"
"ROYAL ROAD WEST","46.083","-66.733","NB","",,NA,"",,"",,"12.6","0",NA,"69.9","0",NA,"0.0","9","","",NA,"","","8104482"
"SACKVILLE","45.900","-64.383","NB","-2.3","0",NA,"13.3","0","-15.6","0","26.7","0",NA,"93.1","0",NA,"10.0","10","","",NA,"629.1","0.0","8104500"
"ST ANDREWS","45.083","-67.083","NB","-1.4","0",NA,"12.2","0","-12.8","0","8.1","0",NA,"68.3","0",NA,"","9","","",NA,"601.0","0.0","8104600"
"ST GEORGE","45.133","-66.833","NB","-1.9","0",NA,"13.3","0","-16.1","0","3.8","0",NA,"98.8","0",NA,"","7","","",NA,"615.5","0.0","8104700"
"SAINT JOHN A","45.318","-65.886","NB","-3.1","0","1.3","12.8","0","-17.2","0","14.5","0","29.0","145.6","0","112.0","0.0","8","97.7","0","96.0","655.6","0.0","8104900"
"SAINT JOHN BRIDGE","45.267","-66.067","NB","-1.2","0",NA,"12.2","0","-12.8","0","6.2","0",NA,"115.1","0",NA,"","8","","",NA,"596.5","0.0","8104920"
"SEARSVILLE","45.717","-65.700","NB","-3.9","0",NA,"12.8","0","-20.0","0","17.7","0",NA,"127.5","0",NA,"","7","","",NA,"680.2","0.0","8104938"
"SOUTHWEST HEAD","44.600","-66.900","NB","0.9","1",NA,"12.2","0","-10.6","1","13.4","0",NA,"120.5","0",NA,"","12","","",NA,"511.9","0.0","8105065"
"SUSSEX","45.717","-65.533","NB","-4.0","0","0.4","13.9","0","-20.0","0","29.2","0","64.0","104.8","0","99.0","","9","","",NA,"683.4","0.0","8105200"
"TIDE HEAD","47.967","-66.767","NB","-6.8","4",NA,"5.0","3","-21.1","4","83.7","2",NA,"83.7","4",NA,"71.0","9","","",NA,"670.4","0.0","8105302"
"TRACADIE","47.517","-64.917","NB","-4.1","0",NA,"8.9","0","-15.0","0","32.9","0",NA,"183.8","0",NA,"","11","","",NA,"685.3","0.0","8105505"
"UPSALQUITCH LAKE","47.450","-66.417","NB","-8.3","3","0.8","7.2","3","-19.4","1","48.3","2",NA,"48.3","4",NA,"","7","","",NA,"736.3","0.0","8105551"
"WELSFORD","45.467","-66.333","NB","-2.1","10",NA,"13.3","10","-19.4","0","9.2","1",NA,"91.8","3",NA,"","5","","",NA,"421.8","0.0","8105560"
"WIGGINS POINT","45.917","-66.000","NB","-3.5","0",NA,"12.2","0","-17.8","0","15.2","0",NA,"108.1","0",NA,"","9","","",NA,"666.5","0.0","8105568"
"WOODSTOCK","46.167","-67.550","NB","-5.4","0","1.6","11.7","0","-20.6","0","15.3","0","31.0","65.1","0","63.0","8.0","10","","",NA,"725.3","0.0","8105600"
"ABERCROMBIE POINT","45.650","-62.717","NS","-1.5","0",NA,"13.3","0","-14.4","0","46.4","0",NA,"122.4","0",NA,"","12","","",NA,"604.6","0.0","8200015"
"ANNAPOLIS ROYAL","44.750","-65.517","NS","0.1","0","1.1","15.0","0","-12.2","0","10.2","0","33.0","83.0","0","74.0","","10","42.6","0",NA,"556.3","0.0","8200100"
"APRIL BROOK IHD","46.233","-61.133","NS","-0.8","0",NA,"12.8","0","-11.1","0","53.4","0",NA,"138.2","0",NA,"28.0","16","","",NA,"582.6","0.0","8200155"
"AVON","44.883","-64.217","NS","",,NA,"",,"",,"16.4","0","35.0","124.9","0","88.0","","13","","",NA,"","","8200200"
"BACCARO","43.467","-65.467","NS","2.1","0",NA,"12.2","0","-9.4","0","14.0","0",NA,"91.4","0",NA,"0.0","14","85.7","0",NA,"491.6","0.0","8200250"
"BADDECK","46.100","-60.750","NS","-0.2","0","1.3","11.7","0","-9.4","0","43.5","0","61.0","106.2","0","64.0","20.0","15","","",NA,"563.0","0.0","8200300"
"BEAR RIVER","44.567","-65.633","NS","",,NA,"",,"",,"10.1","0","23.0","182.2","0","128.0","","13","","",NA,"","","8200500"
"BIRCHTOWN","45.450","-61.483","NS","",,NA,"",,"",,"3.6","0",NA,"150.5","0",NA,"","6","","",NA,"","","8200581"
"BLACK RIVER","46.133","-61.333","NS","-0.6","0",NA,"12.8","0","-8.3","0","46.8","0",NA,"136.2","0",NA,"","15","","",NA,"578.1","0.0","8200584"
"BRIDGEWATER","44.400","-64.550","NS","-0.9","0","0.7","13.3","0","-15.0","0","8.9","0","27.0","129.3","0","88.0","","10","","",NA,"587.4","0.0","8200600"
"CAMBRIDGE STATION","45.067","-64.617","NS","-1.0","0",NA,"14.4","0","-14.4","0","16.6","0",NA,"83.8","0",NA,"","12","","",NA,"588.2","0.0","8200630"
"CAMDEN IHD","45.317","-63.200","NS","-2.4","0",NA,"12.8","0","-17.8","0","26.6","0",NA,"114.0","0",NA,"8.0","10","","",NA,"631.8","0.0","8200635"
"CAPE SABLE","43.383","-65.617","NS","2.3","0",NA,"12.2","0","-7.8","0","15.2","0",NA,"86.0","0",NA,"","13","","",NA,"488.1","0.0","8200700"
"CHAIN LAKE","44.633","-63.633","NS","-1.0","0",NA,"12.2","0","-15.0","0","17.2","0",NA,"109.1","0",NA,"0.0","11","","",NA,"587.9","0.0","8200800"
"CHETICAMP","46.650","-60.950","NS","-0.2","0","0.8","14.4","0","-8.3","0","76.1","0","112.0","213.7","0","140.0","0.0","17","","",NA,"563.3","0.0","8200825"
"CLARENCE","44.917","-65.167","NS","-0.5","0",NA,"15.0","0","-11.1","0","17.7","0",NA,"88.4","0",NA,"","11","","",NA,"573.2","0.0","8200860"
"CLEMENTSVALE","44.617","-65.567","NS","-0.8","0",NA,"14.4","0","-14.4","0","15.3","0",NA,"133.6","0",NA,"","10","","",NA,"582.5","0.0","8200875"
"CLIFTON","45.350","-63.417","NS","-1.6","2",NA,"14.4","2","-16.7","1","29.5","0",NA,"92.3","0",NA,"0.0","12","","",NA,"568.8","0.0","8200900"
"COLLEGEVILLE","45.483","-62.017","NS","-1.9","0","0.7","12.8","0","-14.4","0","55.9","0","131.0","144.0","0","113.0","30.0","16","","",NA,"615.8","0.0","8201000"
"DEMING","45.216","-61.178","NS","0.3","0","0.6","10.0","0","-9.4","0","20.3","0","94.0","146.6","0","109.0","5.0","14","","",NA,"549.8","0.0","8201410"
"DIGBY CKDY","44.617","-65.767","NS","0.5","0",NA,"15.6","0","-8.3","0","11.4","0",NA,"99.0","0",NA,"3.0","12","","",NA,"542.7","0.0","8201602"
"DIGBY PRIM POINT","44.683","-65.783","NS","1.7","0",NA,"15.6","0","-7.8","0","12.7","0",NA,"64.8","0",NA,"0.0","8","","",NA,"506.7","0.0","8201605"
"EAST JORDAN","43.733","-65.200","NS","",,NA,"",,"",,"37.6","0",NA,"132.4","0",NA,"0.0","13","","",NA,"","","8201685"
"ECUM SECUM","44.983","-62.183","NS","-0.7","0",NA,"10.0","0","-14.4","0","40.4","0",NA,"142.0","0",NA,"8.0","12","","",NA,"581.1","0.0","8201700"
"EDDY POINT","45.517","-61.250","NS","-0.5","0",NA,"11.1","0","-11.1","0","50.2","0",NA,"166.5","0",NA,"8.0","14","84.1","0",NA,"574.5","0.0","8201716"
"FIVE MILE LAKE","44.950","-64.000","NS","",,NA,"",,"",,"19.0","0",NA,"79.3","0",NA,"","12","","",NA,"","","8201800"
"GREENWOOD A","44.983","-64.917","NS","-0.7","0","1.2","15.0","0","-12.2","0","24.4","0","39.0","81.7","0","72.0","3.0","13","","",NA,"579.3","0.0","8202000"
"HALIFAX CITADEL","44.650","-63.583","NS","-0.7","0","0.1","11.1","0","-10.6","0","15.2","0","52.0","131.7","0","91.0","","9","","",NA,"579.1","0.0","8202220"
"HALIFAX INT'L A","44.883","-63.517","NS","-1.6","0","0.7","12.2","0","-13.3","0","29.8","0","66.0","129.2","0","90.0","5.0","14","","",NA,"608.7","0.0","8202250"
"HARMONY","44.417","-65.050","NS","",,NA,"",,"",,"15.1","0",NA,"136.2","0",NA,"0.0","11","","",NA,"","","8202300"
"HOPEWELL","45.500","-62.717","NS","",,NA,"",,"",,"46.9","0",NA,"137.4","0",NA,"","14","","",NA,"","","8202415"
"HUBBARDS","44.633","-64.083","NS","-0.8","0",NA,"12.2","0","-15.0","0","15.3","0",NA,"112.0","0",NA,"","12","","",NA,"583.4","0.0","8202420"
"INDIAN BROOK","46.367","-60.533","NS","",,NA,"",,"",,"55.8","0",NA,"155.7","0",NA,"","10","","",NA,"","","8202465"
"INGONISH BEACH","46.650","-60.400","NS","-0.5","0","0.7","10.6","0","-10.0","0","58.3","0","77.0","147.3","0","78.0","41.0","18","","",NA,"573.7","0.0","8202500"
"KEJIMKUJIK PARK","44.433","-65.200","NS","-1.6","0",NA,"13.9","0","-13.3","0","16.5","0",NA,"110.5","0",NA,"","14","","",NA,"608.2","0.0","8202590"
"KEMPTVILLE","44.083","-65.767","NS","",,NA,"",,"",,"22.8","0",NA,"107.9","0",NA,"","12","","",NA,"","","8202700"
"KENTVILLE CDA","45.067","-64.483","NS","-0.8","0","1.4","13.9","0","-13.3","0","13.2","0","25.0","87.4","0","72.0","3.0","11","46.0","0","71.0","584.0","0.0","8202800"
"LIVERPOOL BIG FALLS","44.133","-64.933","NS","-0.2","0","0.6","13.3","0","-11.1","0","20.9","0","65.0","140.2","0","94.0","","14","","",NA,"564.6","0.0","8203100"
"LIVERPOOL MILTON","44.083","-64.767","NS","-0.1","0",NA,"12.8","0","-14.4","0","21.6","0",NA,"160.0","0",NA,"","10","","",NA,"560.1","0.0","8203120"
"LOCH LOMOND","45.733","-60.600","NS","-0.6","0",NA,"11.1","0","-11.7","0","0.0","0",NA,"103.3","0",NA,"","5","","",NA,"577.2","0.0","8203151"
"LOUISBOURG","45.900","-60.000","NS","-0.2","0","1.0","10.0","0","-9.4","0","35.7","0","80.0","140.1","0","92.0","","15","","",NA,"563.6","0.0","8203161"
"LOWER L'ARDOISE","45.600","-60.750","NS","0.2","0",NA,"10.6","0","-10.6","0","15.3","0",NA,"91.2","0",NA,"","10","","",NA,"552.6","0.0","8203164"
"LOWER MEAGHERS GRANT","44.917","-63.233","NS","-1.2","0",NA,"13.3","0","-15.6","0","14.2","0",NA,"114.2","0",NA,"","9","","",NA,"594.9","0.0","8203165"
"MARGAREE FORKS","46.367","-61.083","NS","-1.3","12",NA,"13.3","9","-10.6","9","61.9","5",NA,"69.8","7",NA,"20.0","12","","",NA,"367.1","0.0","8203422"
"METEGHAN","44.183","-66.183","NS","","",NA,"","","","","","",NA,"","",NA,"","","58.8","0",NA,"","","8203498"
"METEGHAN RIVER","44.267","-66.133","NS","1.8","0",NA,"16.7","0","-7.2","0","16.3","0",NA,"81.4","0",NA,"0.0","10","","",NA,"502.6","0.0","8203500"
"MIDDLE MUSQUODOBOIT","45.067","-63.100","NS","-1.5","0","0.9","13.3","0","-18.3","0","24.2","0","76.0","117.5","0","91.0","","9","","",NA,"605.5","0.0","8203535"
"MILL VILLAGE","44.183","-64.667","NS","-0.6","0",NA,"12.8","0","-13.3","0","8.7","0",NA,"144.1","0",NA,"0.0","11","","",NA,"575.9","0.0","8203570"
"MOUNT UNIACKE","44.900","-63.833","NS","-2.4","0","0.6","13.3","0","-19.4","0","33.0","0","60.0","118.2","0","78.0","","12","","",NA,"632.1","0.0","8203600"
"NAPPAN CDA","45.767","-64.250","NS","-2.3","0","1.0","14.4","0","-18.3","0","26.7","0","58.0","87.2","0","81.0","8.0","11","60.3","0","76.0","630.5","0.0","8203700"
"NORTHEAST MARGAREE","46.350","-61.000","NS","-0.9","0",NA,"12.2","0","-11.1","0","45.5","0",NA,"118.9","0",NA,"","18","","",NA,"584.4","0.0","8204151"
"OVERTON","43.833","-66.150","NS","",,NA,"",,"",,"13.6","0",NA,"93.8","0",NA,"","12","","",NA,"","","8204197"
"OXFORD","45.733","-63.867","NS","-2.6","0",NA,"14.4","0","-20.6","0","20.0","0",NA,"74.8","0",NA,"5.0","9","","",NA,"638.9","0.0","8204200"
"PARADISE","44.833","-65.233","NS","",,NA,"",,"",,"17.1","0","31.0","92.7","0","69.0","","10","","",NA,"","","8204300"
"PARRSBORO","45.400","-64.333","NS","-1.7","0","0.8","12.2","0","-17.2","0","7.6","0","17.0","72.8","0","60.0","5.0","7","","",NA,"612.1","0.0","8204400"
"PLEASANT BAY GRAND ANSE","46.817","-60.767","NS","-0.5","0",NA,"15.6","0","-8.3","0","120.6","0",NA,"206.8","0",NA,"","19","","",NA,"574.5","0.0","8204450"
"POINT TUPPER","45.583","-61.333","NS","-0.1","0",NA,"12.2","0","-9.4","0","0.0","0",NA,"110.9","0",NA,"","6","","",NA,"562.6","0.0","8204457"
"PORT HASTINGS","45.633","-61.400","NS","0.7","2",NA,"12.2","0","-8.9","2","22.8","0",NA,"161.7","0",NA,"","8","","",NA,"502.5","0.0","8204480"
"PORT HOOD","45.983","-61.533","NS","1.6","0",NA,"11.1","0","-6.1","0","25.4","0",NA,"131.8","0",NA,"0.0","10","","",NA,"509.0","0.0","8204500"
"PUGWASH","45.850","-63.650","NS","-1.2","0","1.6","15.6","0","-17.8","0","14.1","0","36.0","67.6","0","70.0","","8","","",NA,"594.2","0.0","8204525"
"RIVER DENYS","45.800","-61.217","NS","0.0","0",NA,"11.1","0","-10.0","0","32.9","0",NA,"177.0","0",NA,"20.0","14","","",NA,"556.6","0.0","8204565"
"RIVER HEBERT","45.600","-64.350","NS","-1.6","15",NA,"13.3","8","-20.6","11","21.7","10",NA,"108.1","10",NA,"10.0","11","42.4","4.33333333333333333333333333333333333333",NA,"312.8","0.0","8204570"
"ROSEWAY","43.783","-65.350","NS","-0.3","0",NA,"13.3","0","-16.1","0","15.0","0",NA,"116.9","0",NA,"","10","","",NA,"567.7","0.0","8204600"
"RUTH FALLS","44.933","-62.500","NS","",,NA,"",,"",,"13.9","0",NA,"164.9","0",NA,"","10","","",NA,"","","8204620"
"SABLE ISLAND","43.932","-60.009","NS","3.1","0",NA,"11.7","0","-5.0","0","29.1","0",NA,"197.1","0",NA,"0.0","20","59.5","0",NA,"461.0","0.0","8204700"
"ST MARGARET'S BAY","44.700","-63.900","NS","-1.8","0","0.0","13.9","0","-16.7","0","33.1","0","139.0","78.1","0","59.0","","11","","",NA,"614.6","0.0","8204800"
"SALMON HOLE","44.933","-64.033","NS","-0.7","0","1.6","13.9","0","-14.4","0","15.8","0","37.0","96.6","0","67.0","","11","","",NA,"578.7","0.0","8205000"
"SHARPE BROOK IHD","45.017","-64.633","NS","-1.6","0",NA,"13.3","0","-15.6","0","17.2","0",NA,"96.5","0",NA,"0.0","12","52.8","0",NA,"609.0","0.0","8205085"
"SHEARWATER A","44.633","-63.500","NS","-0.6","0","0.4","11.1","0","-11.7","0","19.9","0","57.0","92.0","0","65.0","0.0","12","66.9","0","64.0","577.7","0.0","8205090"
"SHELBURNE","43.717","-65.250","NS","0.3","0",NA,"12.2","0","-13.3","0","27.6","0",NA,"105.4","0",NA,"3.0","11","84.1","0",NA,"548.3","0.0","8205126"
"SPRINGFIELD","44.667","-64.850","NS","-1.6","0","0.8","12.8","0","-12.8","0","16.5","0","27.0","125.5","0","84.0","","10","","",NA,"608.2","0.0","8205200"
"SPRUCE HILL LAKE","44.583","-63.650","NS","",,NA,"",,"",,"16.0","0",NA,"111.6","0",NA,"0.0","11","","",NA,"","","8205300"
"STELLARTON LOURDES","45.567","-62.650","NS","-1.4","0",NA,"13.9","0","-15.6","0","39.9","0",NA,"126.3","0",NA,"15.0","14","","",NA,"600.4","0.0","8205401"
"STILLWATER SHERBROOKE","45.143","-61.983","NS","-0.5","4","1.2","11.7","3","-13.3","2","27.9","0","75.0","153.1","0","98.0","","9","","",NA,"498.6","0.0","8205601"
"SUMMERVILLE","45.117","-64.183","NS","-0.7","0","0.8","14.4","0","-14.4","0","6.4","0","18.0","63.4","0","66.0","","8","","",NA,"578.5","0.0","8205650"
"SYDNEY A","46.167","-60.048","NS","-1.3","0","0.2","10.6","0","-10.6","0","48.7","0","83.0","150.3","0","90.0","3.0","13","56.5","0","83.0","597.0","0.0","8205700"
"TATAMAGOUCHE","45.750","-63.367","NS","-1.7","0",NA,"15.0","0","-16.7","0","30.4","0",NA,"65.7","0",NA,"","10","64.7","0",NA,"611.0","0.0","8205775"
"TRAFALGAR","45.283","-62.667","NS","-3.5","0",NA,"12.8","0","-17.8","0","46.8","0",NA,"180.8","0",NA,"15.0","15","","",NA,"667.8","0.0","8205900"
"TRURO","45.367","-63.267","NS","-2.2","0","1.0","13.9","0","-18.3","0","30.1","0","70.0","95.3","0","84.0","8.0","10","61.0","0","97.0","627.4","0.0","8205990"
"TUSKET","43.883","-65.983","NS","",,NA,"",,"",,"21.5","0","82.0","94.8","0","71.0","0.0","12","","",NA,"","","8206100"
"UPPER STEWIACKE","45.217","-63.000","NS","-1.6","0","1.2","16.7","0","-19.4","0","22.8","0","45.0","110.0","0","78.0","0.0","9","","",NA,"608.0","0.0","8206200"
"WESTERN HEAD","43.990","-64.664","NS","0.4","0",NA,"11.1","0","-11.7","0","32.5","0",NA,"115.9","0",NA,"0.0","12","","",NA,"545.6","0.0","8206240"
"WESTPHAL","44.683","-63.517","NS","-1.1","0","0.7","11.1","0","-12.2","0","34.6","0","112.0","111.6","0","75.0","0.0","9","","",NA,"593.2","0.0","8206250"
"WEYMOUTH FALLS","44.400","-65.950","NS","0.5","0","1.1","16.1","0","-9.4","0","7.5","0","22.0","81.4","0","59.0","0.0","10","","",NA,"541.4","0.0","8206275"
"WINDSOR FALMOUTH","44.983","-64.167","NS","-1.5","0",NA,"15.0","0","-13.3","0","18.0","0",NA,"96.3","0",NA,"","12","","",NA,"605.1","0.0","8206405"
"YARMOUTH A","43.831","-66.089","NS","0.6","0","0.4","13.3","0","-8.9","0","24.3","0","56.0","84.6","0","64.0","0.0","12","68.3","0","97.0","540.2","0.0","8206500"
"ALBERTON","46.850","-64.017","PE","-2.9","0","0.6","11.1","0","-13.3","0","38.9","0","77.0","113.0","0","121.0","30.0","16","","",NA,"649.0","0.0","8300080"
"ALLISTON","46.067","-62.600","PE","-2.2","0",NA,"12.8","0","-12.2","0","25.5","0",NA,"108.0","0",NA,"18.0","13","","",NA,"626.1","0.0","8300100"
"BANGOR","46.350","-62.683","PE","-1.9","0","1.4","12.8","0","-12.8","0","14.5","0","20.0","76.0","0","54.0","8.0","9","36.3","0",NA,"617.5","0.0","8300128"
"CHARLOTTETOWN A","46.289","-63.129","PE","-2.4","0","0.8","13.3","0","-14.4","0","41.9","0","64.0","120.4","0","102.0","13.0","15","","",NA,"633.3","0.0","8300300"
"CHARLOTTETOWN CDA","46.250","-63.133","PE","-1.7","0",NA,"12.8","0","-12.8","0","37.8","0",NA,"102.9","0",NA,"15.0","12","57.3","0",NA,"611.5","0.0","8300400"
"EAST BALTIC","46.433","-62.167","PE","-1.4","0","1.1","11.7","0","-10.6","0","20.1","0","33.0","105.0","0","81.0","5.0","12","33.0","0",NA,"601.2","0.0","8300416"
"ELLERSLIE","46.617","-63.917","PE","-2.4","0",NA,"12.2","0","-13.9","0","34.2","0",NA,"89.7","0",NA,"","13","","",NA,"631.9","0.0","8300420"
"HUNTER RIVER","46.350","-63.333","PE","-2.2","0",NA,"12.8","0","-13.9","0","25.3","0",NA,"115.7","0",NA,"25.0","10","51.6","0",NA,"627.2","0.0","8300439"
"MONTAGUE","46.200","-62.667","PE","-1.7","0",NA,"12.8","0","-12.2","0","24.1","0",NA,"103.9","0",NA,"10.0","8","","",NA,"611.6","0.0","8300445"
"MONTICELLO","46.467","-62.467","PE","-1.5","0","1.0","12.8","0","-11.1","0","35.5","0","64.0","114.6","0","97.0","28.0","12","","",NA,"603.0","0.0","8300447"
"NEW GLASGOW","46.409","-63.350","PE","-2.0","0","1.3","13.3","0","-12.8","0","39.7","0","55.0","114.8","0","87.0","8.0","15","","",NA,"620.4","0.0","8300497"
"LONG RIVER","46.500","-63.550","PE","-2.5","0","1.1","12.8","0","-13.3","0","27.8","0","64.0","70.8","0","76.0","10.0","11","","",NA,"636.3","0.0","8300500"
"O'LEARY","46.700","-64.262","PE","-3.0","0","1.0","12.2","0","-12.8","0","15.1","0","25.0","68.0","0","64.0","8.0","8","","",NA,"650.5","0.0","8300525"
"O'LEARY PEIDA","46.700","-64.250","PE","","",NA,"","","","","","",NA,"","",NA,"","","46.3","0",NA,"","","8300526"
"SOURIS","46.367","-62.217","PE","-1.6","0",NA,"10.6","0","-11.1","0","29.4","0",NA,"105.4","0",NA,"15.0","11","","",NA,"607.1","0.0","8300585"
"STANHOPE","46.416","-63.083","PE","-0.8","9",NA,"13.9","7","-12.2","6","12.7","0",NA,"81.1","0",NA,"","8","","",NA,"413.9","0.0","8300590"
"SUMMERSIDE A","46.439","-63.832","PE","-2.4","0","1.4","12.8","0","-12.2","0","23.7","0","44.0","84.7","0","84.0","10.0","12","64.2","0","75.0","633.5","0.0","8300700"
"TIGNISH","46.950","-64.067","PE","-2.6","0",NA,"11.1","0","-12.2","0","41.2","0",NA,"72.4","0",NA,"8.0","10","42.7","0",NA,"638.3","0.0","8300800"
"WELLINGTON","46.467","-64.050","PE","",,NA,"",,"",,"26.7","0",NA,"107.7","0",NA,"","9","","",NA,"","","8300900"
"ARNOLDS COVE","47.750","-54.000","NL","-0.5","0",NA,"12.8","0","-12.2","0","40.6","0",NA,"164.8","0",NA,"10.0","14","","",NA,"574.1","0.0","8400135"
"BAIE VERTE","49.983","-56.183","NL","-4.2","0",NA,"8.9","0","-21.7","0","85.0","0",NA,"127.7","0",NA,"61.0","13","","",NA,"687.7","0.0","8400350"
"BAY D'ESPOIR GEN STN","47.983","-55.800","NL","-2.8","0","-0.3","11.7","0","-18.9","0","45.8","0","88.0","155.0","0","106.0","10.0","11","","",NA,"646.1","0.0","8400413"
"BONAVISTA","48.667","-53.114","NL","-1.0","0","0.9","10.0","0","-9.4","0","34.0","0","67.0","92.0","0","86.0","13.0","13","","",NA,"589.8","0.0","8400600"
"BOTWOOD","49.150","-55.350","NL","-3.3","0",NA,"12.2","0","-20.6","0","53.3","0",NA,"92.9","0",NA,"28.0","12","","",NA,"659.5","0.0","8400650"
"BUCHANS","48.817","-56.867","NL","-4.5","1","0.0","7.8","1","-20.0","0","40.5","0","53.0","85.8","0","70.0","38.0","9","","",NA,"674.8","0.0","8400698"
"BURGEO","47.617","-57.617","NL","-1.3","0",NA,"7.8","0","-10.6","0","29.3","0",NA,"128.1","0",NA,"3.0","10","68.0","0",NA,"598.0","0.0","8400798"
"BURNT POND","48.167","-57.333","NL","-5.3","0","0.9","8.3","0","-22.2","0","59.9","0","84.0","129.4","0","93.0","","11","","",NA,"721.1","0.0","8400812"
"CAPE BROYLE","47.100","-52.933","NL","",,NA,"",,"",,"45.7","0","102.0","198.3","0","126.0","15.0","16","","",NA,"","","8400850"
"CAPE ST GEORGE","48.467","-59.267","NL","-1.4","0",NA,"10.0","0","-8.9","0","41.5","0",NA,"72.4","0",NA,"","11","","",NA,"600.6","0.0","8401053"
"COLINET","47.217","-53.550","NL","-0.5","0",NA,"14.4","0","-14.4","0","40.7","0",NA,"160.3","0",NA,"20.0","11","","",NA,"572.3","0.0","8401200"
"COME BY CHANCE","47.800","-54.000","NL","-0.4","0",NA,"14.4","0","-15.0","0","53.3","0",NA,"207.2","0",NA,"","13","","",NA,"571.2","0.0","8401257"
"COMFORT COVE","49.267","-54.883","NL","-3.2","0",NA,"11.7","0","-15.6","0","91.1","0",NA,"131.3","0",NA,"41.0","19","","",NA,"657.5","0.0","8401259"
"CORNER BROOK","48.950","-57.950","NL","-1.7","0","0.8","11.7","0","-15.6","0","83.1","0","88.0","115.1","0","77.0","","19","","",NA,"610.2","0.0","8401300"
"DANIELS HARBOUR","50.236","-57.581","NL","-3.4","0",NA,"11.7","0","-18.9","0","46.3","0",NA,"57.9","0",NA,"23.0","15","36.0","0",NA,"662.3","0.0","8401400"
"DEER LAKE","49.167","-57.433","NL","-3.4","0","-0.1","11.1","0","-20.6","0","19.0","0","31.0","46.5","0","48.0","","13","","",NA,"662.3","0.0","8401500"
"DEER LAKE A","49.217","-57.400","NL","-4.5","0","0.2","10.0","0","-23.3","0","43.5","0","45.0","57.1","0","51.0","23.0","15","","",NA,"696.8","0.0","8401501"
"EXPLOITS DAM","48.767","-56.600","NL","-4.2","0","0.0","9.4","0","-21.7","0","50.6","0","93.0","91.8","0","97.0","","13","","",NA,"689.7","0.0","8401550"
"FLOWERS COVE","51.300","-56.733","NL","-4.1","0",NA,"7.8","0","-17.8","0","59.5","0",NA,"65.9","0",NA,"","8","","",NA,"685.9","0.0","8401582"
"FOGO","49.717","-54.267","NL","-0.9","0",NA,"12.8","0","-12.2","0","37.5","0",NA,"108.8","0",NA,"13.0","13","","",NA,"585.3","0.0","8401601"
"GANDER INT'L A","48.946","-54.577","NL","-3.4","0","0.1","12.2","0","-16.7","0","100.8","0","122.0","150.3","0","119.0","30.0","17","","",NA,"664.5","0.0","8401700"
"GLENWOOD","49.000","-54.867","NL","-3.4","0",NA,"12.2","0","-20.6","0","67.3","0",NA,"130.8","0",NA,"20.0","16","","",NA,"663.3","0.0","8401800"
"GRAND FALLS","48.933","-55.667","NL","-3.3","0","0.8","11.7","0","-19.4","0","54.2","0","110.0","100.2","0","112.0","","12","","",NA,"659.7","0.0","8402050"
"HEARTS CONTENT","47.867","-53.383","NL","-0.6","0",NA,"15.0","0","-12.8","0","38.0","0",NA,"102.4","0",NA,"23.0","12","","",NA,"577.3","0.0","8402080"
"HOLYROOD GEN STN","47.450","-53.100","NL","0.5","0","0.4","15.6","0","-11.1","0","23.9","0","62.0","104.5","0","90.0","5.0","11","","",NA,"542.1","0.0","8402309"
"HOLYROOD ULTRAMAR","47.383","-53.133","NL","1.2","0",NA,"16.7","0","-11.7","0","24.1","0",NA,"133.1","0",NA,"","6","","",NA,"521.1","0.0","8402310"
"LOCKSTON","48.400","-53.383","NL","",,NA,"",,"",,"27.9","0","62.0","112.8","0","90.0","","9","","",NA,"","","8402565"
"LOGY BAY","47.624","-52.664","NL","0.8","1","1.7","12.2","1","-7.8","1","33.2","3",NA,"141.6","5",NA,"","10","","",NA,"515.8","0.0","8402568"
"LONG HARBOUR","47.417","-53.817","NL","0.1","0",NA,"14.4","0","-11.1","0","39.4","0",NA,"138.9","0",NA,"","13","","",NA,"554.1","0.0","8402569"
"NEW CHELSEA","48.033","-53.217","NL","0.0","0",NA,"15.6","0","-10.0","0","22.8","0",NA,"90.7","0",NA,"","11","","",NA,"557.7","0.0","8402840"
"NORTH EAST POND RIVER","47.633","-52.833","NL","-0.4","0",NA,"13.9","0","-10.0","0","78.2","0",NA,"155.0","0",NA,"","17","","",NA,"571.7","0.0","8402873"
"PETTY HARBOUR","47.467","-52.717","NL","",,NA,"",,"",,"53.3","0","159.0","205.0","0","162.0","10.0","15","","",NA,"","","8402925"
"PIERRES BROOK","47.283","-52.817","NL","",,NA,"",,"",,"0.0","0",NA,"178.3","0",NA,"","7","","",NA,"","","8402950"
"PLACENTIA","47.233","-54.017","NL","1.0","0",NA,"14.4","0","-8.9","0","41.5","0",NA,"117.4","0",NA,"0.0","15","39.4","0",NA,"527.7","0.0","8402956"
"PLUM POINT","51.067","-56.883","NL","-4.3","0","0.7","9.4","0","-18.9","0","63.8","0","85.0","87.4","0","80.0","33.0","12","","",NA,"692.1","0.0","8402958"
"PORT AUX BASQUES","47.574","-59.155","NL","-0.9","0","1.2","7.2","0","-12.8","0","71.2","0","91.0","141.8","0","82.0","25.0","16","","",NA,"585.8","0.0","8402975"
"PORT UNION","48.500","-53.083","NL","",,NA,"",,"",,"45.7","0",NA,"118.5","0",NA,"","10","","",NA,"","","8403050"
"RATTLING BRK NORRIS ARM","49.067","-55.300","NL","-3.1","0","0.6","12.8","0","-21.7","0","78.9","0","142.0","129.5","0","133.0","38.0","15","","",NA,"652.6","0.0","8403085"
"ROCKY HARBOUR","49.567","-57.883","NL","-2.5","0",NA,"10.6","0","-16.1","0","34.3","0",NA,"72.7","0",NA,"25.0","13","","",NA,"635.2","0.0","8403096"
"RODDICKTON","50.867","-56.117","NL","-6.0","0",NA,"6.1","0","-25.6","0","19.2","0",NA,"81.2","0",NA,"","6","","",NA,"745.5","0.0","8403098"
"ST ALBANS","47.867","-55.850","NL","-2.0","0",NA,"11.7","0","-15.6","0","35.6","0",NA,"118.1","0",NA,"23.0","10","","",NA,"620.9","0.0","8403290"
"ST ANTHONY","51.367","-55.600","NL","-5.3","0",NA,"5.6","0","-18.3","0","63.9","0",NA,"91.7","0",NA,"43.0","14","","",NA,"723.7","0.0","8403401"
"ST JOHN'S","47.583","-52.733","NL","-0.6","0",NA,"12.8","0","-10.0","0","59.2","0",NA,"167.6","0",NA,"","17","","",NA,"577.9","0.0","8403501"
"ST JOHN'S A","47.622","-52.743","NL","-1.0","0","0.5","11.7","0","-10.0","0","77.4","0","122.0","177.2","0","108.0","25.0","19","48.0","0","77.0","589.1","0.0","8403506"
"ST JOHN'S WEST CDA","47.517","-52.783","NL","-1.1","0","0.7","11.1","0","-12.2","0","83.8","0","149.0","287.8","0","181.0","38.0","20","42.2","0","76.0","590.7","0.0","8403600"
"ST LAWRENCE","46.917","-55.383","NL","-0.1","0",NA,"10.0","0","-11.1","0","26.1","0",NA,"143.9","0",NA,"0.0","14","","",NA,"560.2","0.0","8403615"
"ST SHOTTS","46.633","-53.583","NL","0.3","0",NA,"9.4","0","-10.6","0","16.0","0",NA,"145.8","0",NA,"","13","50.1","0",NA,"549.7","0.0","8403617"
"SALMONIER","47.267","-53.333","NL","-0.3","0",NA,"12.8","0","-12.2","0","7.6","1",NA,"92.6","4",NA,"","6","","",NA,"568.3","0.0","8403620"
"SEAL COVE","47.450","-53.067","NL","0.1","0",NA,"15.0","0","-12.2","0","43.1","0",NA,"107.4","0",NA,"10.0","13","","",NA,"554.0","0.0","8403650"
"SPRINGDALE","49.500","-56.083","NL","-4.2","0",NA,"9.4","0","-26.7","0","56.4","0",NA,"106.9","0",NA,"23.0","13","","",NA,"689.6","0.0","8403700"
"STEPHENVILLE A","48.533","-58.550","NL","-2.0","0","0.3","12.8","0","-16.7","0","52.4","0","61.0","69.2","0","56.0","23.0","15","41.1","0","154.0","620.8","0.0","8403800"
"SUNNYSIDE","47.867","-53.933","NL","-1.6","0",NA,"14.4","0","-13.9","0","38.1","0",NA,"190.0","0",NA,"8.0","10","","",NA,"607.1","0.0","8403818"
"TERRA NOVA NAT PARK HQ","48.550","-53.983","NL","-2.7","0",NA,"12.8","0","-13.3","0","61.0","0",NA,"138.9","0",NA,"25.0","13","","",NA,"640.3","0.0","8403852"
"TORS COVE","47.217","-52.850","NL","",,NA,"",,"",,"20.4","0",NA,"192.4","0",NA,"","8","","",NA,"","","8403950"
"WESTBROOK ST LAWRENCE","46.950","-55.383","NL","",,NA,"",,"",,"19.3","0",NA,"187.2","0",NA,"","11","","",NA,"","","8404201"
"WOODDALE BISHOP'S FALLS","49.033","-55.550","NL","-2.6","8","1.5","11.1","7","-18.3","7","53.4","0","105.0","92.1","0","98.0","","12","","",NA,"473.5","0.0","8404310"
"WOODY POINT","49.500","-57.917","NL","-2.2","0",NA,"10.6","0","-12.2","0","87.9","0",NA,"123.0","0",NA,"30.0","17","","",NA,"625.1","0.0","8404320"
"BATTLE HARBOUR LOR","52.250","-55.600","NL","-5.7","0",NA,"4.4","0","-18.9","0","61.2","0",NA,"73.5","0",NA,"41.0","11","","",NA,"734.2","0.0","8500398"
"BATTLE HARBOUR MARYS R","52.317","-55.833","NL","-6.4","0",NA,"7.2","0","-21.1","0","10.1","0",NA,"18.7","0",NA,"","4","","",NA,"757.0","0.0","8500400"
"CARTWRIGHT","53.708","-57.035","NL","-7.9","0","1.0","7.2","0","-19.4","0","84.1","0","111.0","74.5","0","81.0","36.0","11","47.8","0","74.0","801.9","0.0","8501100"
"CHURCHILL FALLS A","53.550","-64.100","NL","-15.7","0",NA,"6.1","0","-31.7","0","38.6","0",NA,"44.6","0",NA,"53.0","14","74.0","0",NA,"1046.1","0.0","8501132"
"ESKER 2","53.867","-66.417","NL","-15.1","12",NA,"2.8","12","-32.2","11","33.0","12",NA,"33.0","12",NA,"","4","","",NA,"628.3","0.0","8501548"
"GOOSE A","53.317","-60.417","NL","-11.8","0","0.7","7.8","0","-26.1","0","47.2","0","67.0","50.3","0","78.0","20.0","8","75.6","0","104.0","923.6","0.0","8501900"
"HOPEDALE (AUT)","55.450","-60.217","NL","-10.8","0",NA,"0.6","0","-21.7","0","51.0","0",NA,"58.4","0",NA,"28.0","11","","",NA,"892.4","0.0","8502400"
"NAIN A","56.550","-61.683","NL","-11.7","0","0.1","0.6","0","-25.6","0","63.0","0","86.0","63.0","0","77.0","","8","","",NA,"919.7","0.0","8502800"
"RIGOLET","54.183","-58.433","NL","-10.5","0",NA,"5.6","0","-21.7","0","39.3","0",NA,"39.3","0",NA,"","6","55.4","0",NA,"883.9","0.0","8503090"
"WABUSH LAKE A","52.927","-66.874","NL","-15.9","0","1.6","5.6","0","-36.7","0","63.4","0","96.0","64.9","0","129.0","48.0","7","54.9","0","82.0","1052.0","0.0","8504175"
"LAHR A GERMANY","48.367","-7.833","XX","6.0","0",NA,"15.6","0","-3.9","0","0.0","0",NA,"89.9","0",NA,"0.0","17","","",NA,"370.7","0.0","9030500"
"SOELLINGEN A GERMANY","48.767","8.100","XX","5.8","0",NA,"15.0","0","-6.1","0","0.8","0",NA,"104.2","0",NA,"0.0","22","","",NA,"379.4","0.0","9031000"
